chr	windowStart	windowEnd	D	f_d	f_dM	d_f
1	1600972	3883268	-0.212720	-0.498523	-0.122441	-0.096916
1	2356803	4722073	-0.538012	9.974850	-0.282366	-0.326319
1	3883310	5160054	-0.226680	-1.125609	-0.176752	-0.095923
1	4722194	5599283	0.039290	0.038460	0.028903	0.020254
1	5168004	5998565	0.240741	0.234141	0.180773	0.162665
1	5599292	6473143	0.092760	0.211241	0.111679	0.076254
1	5998815	6975728	0.144936	0.286129	0.147885	0.138883
1	6511835	7796328	0.238213	0.422596	0.146722	0.212173
1	6976097	8112166	-0.491486	1.222081	-0.092089	-0.207836
1	7832563	11619031	-0.853730	1.132924	-0.076079	-0.374706
1	8112215	12033414	-0.733745	3.707086	-0.122199	-0.450474
1	11656169	12532594	-0.702620	-7.518772	-0.863832	-0.555455
1	12034430	13207692	-0.718856	-8.908483	-0.866665	-0.572108
1	12532724	13584809	-0.184072	-0.380373	-0.183199	-0.151567
1	13213952	15053997	-0.498454	3.076486	-0.160584	-0.276526
1	13585588	16580858	-0.803283	1.319641	-0.205662	-0.405424
1	15078177	16654212	-0.863869	1.422523	-0.249319	-0.457979
1	16589313	17141300	-0.736047	-4.910287	-0.821580	-0.601580
1	16656180	17476408	-0.733255	-5.956882	-0.819514	-0.593325
1	17141306	17771477	-0.733818	-9.631311	-0.863014	-0.593267
1	17484073	18153003	-0.741667	-7.943461	-0.869787	-0.606444
1	17772357	18655177	-0.727031	-7.609459	-0.865288	-0.584522
1	18164827	19121865	-0.677735	-7.931529	-0.656348	-0.519686
1	18655344	19477366	-0.713335	-12.357301	-0.493604	-0.557810
1	19150670	19902854	-0.724984	-6.399401	-0.571943	-0.588363
1	19481433	20197650	-0.678806	-5.979538	-0.651283	-0.536990
1	19903211	20655020	-0.660419	-5.252476	-0.642038	-0.517892
1	20197809	21026608	-0.665798	-4.802095	-0.802737	-0.521100
1	20655242	21273820	-0.674666	-7.819621	-0.868113	-0.525186
1	21030822	21828091	-0.675223	-7.460664	-0.860551	-0.526336
1	21276337	22400473	-0.673398	-10.769367	-0.712679	-0.514291
1	21864768	22841907	-0.657315	-13.547534	-0.724197	-0.490930
1	22404812	23352541	-0.641183	-8.301301	-0.861638	-0.483940
1	22841939	23754243	-0.639992	-6.387620	-0.842859	-0.487852
1	23352675	24415727	-0.617005	-4.990169	-0.794719	-0.471355
1	23826725	25106879	-0.347201	-0.933986	-0.381538	-0.278256
1	24458309	28807413	0.722020	0.847396	0.628243	0.670170
1	25114447	30046765	0.374105	0.853462	0.204305	0.372166
1	28807461	32060175	-0.611811	1.148409	-0.176883	-0.250975
1	30056455	32623397	-0.843199	1.211758	-0.228078	-0.415076
1	32232245	33899697	-0.331810	-2.922607	-0.643926	-0.221814
1	32624612	35173694	-0.579762	-1.346090	-0.529094	-0.381750
1	33909487	35998134	-0.665692	-0.933890	-0.465672	-0.533957
1	35229508	36523702	-0.641750	-0.864707	-0.457967	-0.546116
1	35998437	37070591	-0.341315	-0.363911	-0.261935	-0.273727
1	36538820	37459552	-0.077072	-0.070397	-0.064240	-0.060669
1	37070855	38029594	-0.180719	-0.204514	-0.167822	-0.139382
1	37479307	38372197	-0.256707	-0.386793	-0.278449	-0.191266
1	38029656	38674677	-0.285431	-0.535343	-0.348175	-0.208278
1	38372331	39042153	-0.294288	-0.532616	-0.308821	-0.216365
1	38674720	39726402	-0.332946	-0.617376	-0.339389	-0.246123
1	39042487	40422664	-0.335167	-0.845919	-0.425351	-0.243325
1	39735661	40898019	-0.245822	-0.849318	-0.398790	-0.169247
1	40427312	41389197	-0.182036	-0.481768	-0.305256	-0.121639
1	40926707	41664030	-0.239763	-0.520657	-0.326556	-0.171011
1	41389467	42255877	-0.248111	-0.482003	-0.307682	-0.179271
1	41667225	42681624	-0.234546	-0.580317	-0.323003	-0.156441
1	42274864	43107802	-0.293269	-5.513948	-0.564473	-0.170038
1	42686256	43781194	-0.239463	-4.741289	-0.435049	-0.123020
1	43113048	44249459	-0.319255	6.904944	-0.563574	-0.169393
1	43807776	44443740	-0.428783	5.877797	-0.699997	-0.254013
1	44249495	47037547	0.056772	0.034181	0.028527	0.040649
1	44451921	47890021	0.106640	0.046442	0.044262	0.035742
1	47039063	48388769	-0.032627	-0.017482	-0.015167	-0.055068
1	47910673	49406936	-0.362777	-0.642043	-0.167231	-0.252105
1	48415173	50056161	-0.274423	-0.534606	-0.171531	-0.191548
1	49407032	51627692	0.048059	0.048561	0.036384	0.044214
1	50076683	53242313	0.059477	0.069257	0.021658	0.040939
1	51627699	54508343	0.017872	0.042462	0.007427	-0.014978
1	53242363	55650127	-0.032483	-0.077176	-0.021414	-0.029082
2	496816	3263060	0.047274	0.076064	0.031443	0.057716
2	1938444	4180395	0.207195	0.325257	0.140395	0.120811
2	3479418	5224085	0.035009	0.050439	0.021664	-0.005435
2	4237578	6229373	0.306650	0.393023	0.228317	0.160357
2	5238952	7319454	0.260917	0.518194	0.245129	0.138091
2	6273618	8275848	-0.148650	-0.151804	-0.117626	-0.076312
2	7436738	8844304	-0.252557	-0.212810	-0.169835	-0.181915
2	8326300	9479166	-0.204136	-0.187128	-0.155435	-0.156461
2	8863533	10320383	-0.186980	-0.100739	-0.088998	-0.165431
2	9479173	11123583	-0.087899	-0.035113	-0.032818	-0.085784
2	10477102	11863423	-0.041195	-0.019217	-0.017303	-0.015936
2	11144342	15213831	0.171721	0.120372	0.097930	0.034400
2	11907198	17974326	0.145574	0.168688	0.069103	0.060930
2	15213860	20356286	-0.003329	-0.019284	-0.001121	0.019723
2	17977124	21899313	-0.002942	3.736898	-0.000980	0.016454
2	20363813	24859637	-0.003965	-0.005752	-0.001164	0.015163
2	21902886	26433461	0.271481	0.239172	0.109010	0.101857
2	24862083	26940852	0.427463	0.353619	0.262790	0.153417
2	26468641	27375762	0.465666	0.353111	0.325893	0.176983
2	26959780	27901747	0.246208	0.383171	0.335125	0.089536
2	27376003	29852699	0.150715	0.444797	0.211750	0.063054
2	27955100	30449557	0.037666	0.112198	0.045841	0.021208
2	29857989	32283791	-0.021911	-0.061835	-0.043315	-0.008728
2	30450031	32921408	0.036180	0.108862	0.084214	0.014440
2	32489339	33453016	0.044812	0.149780	0.123998	0.015459
2	32931893	34357459	-0.034754	-0.112393	-0.082715	-0.008597
2	33463993	34777174	-0.157730	-0.417438	-0.286696	-0.093785
2	34363582	35390582	-0.137203	-0.343217	-0.253952	-0.090790
2	34777924	35665649	-0.194874	-0.543420	-0.352040	-0.140191
2	35404118	35901284	-0.269772	-0.912489	-0.477121	-0.184586
2	35669381	36192198	-0.269365	-0.907073	-0.475557	-0.184668
2	35901445	36385537	-0.268992	-0.890860	-0.470808	-0.184690
2	36192525	36844606	-0.262504	-0.869902	-0.464986	-0.179986
2	36385564	37165166	-0.273743	-0.920963	-0.479428	-0.189674
2	36844623	37411678	-0.272722	-0.922860	-0.479864	-0.189043
2	37219561	37600573	-0.239224	-0.797428	-0.437153	-0.155989
2	37415590	37944980	-0.243608	-0.796503	-0.432063	-0.156612
2	37600772	38419336	-0.260519	-0.852352	-0.454305	-0.174595
2	37945189	38961389	-0.250671	-0.826460	-0.451995	-0.172207
2	38419368	39462019	-0.236499	-0.758355	-0.431232	-0.160705
2	38961395	39891951	-0.193169	-0.717060	-0.410423	-0.124691
2	39465046	40248187	-0.355054	1.715704	-0.125846	-0.156964
2	39903604	41655244	-0.421140	1.004555	-0.135041	-0.175131
2	40248751	42589413	-0.502019	1.076351	-0.232852	-0.217687
2	41659602	43295478	-0.353348	-6.463538	-0.110322	-0.164137
2	42594123	43842782	-0.077535	-0.102490	-0.012574	-0.032677
2	43308569	45470292	0.075359	0.050373	0.014100	0.016775
2	43843110	46786754	0.341925	0.238568	0.183745	0.165772
2	45494383	48180793	0.261194	0.349798	0.195933	0.116623
2	46850686	49937929	0.253309	0.256159	0.174395	0.096991
2	48214844	51447419	0.307740	0.222988	0.213231	0.131300
3	1206084	2932923	-0.291681	-1.592396	-0.273660	-0.188528
3	2383288	3748233	0.194884	0.279239	0.165653	0.114967
3	2932961	4902831	-0.005027	-0.009312	-0.003916	-0.000843
3	3748285	5779780	-0.201905	-0.460906	-0.144391	-0.132399
3	4902912	6898262	-0.135004	-0.310245	-0.094243	-0.086049
3	5794759	8202258	-0.079733	-0.196876	-0.064168	-0.061110
3	6898270	9157412	-0.160599	-0.533427	-0.186840	-0.100895
3	8202466	10206280	-0.037055	-0.135411	-0.054629	-0.011748
3	9157597	10595352	0.146099	0.867843	0.194317	0.067506
3	10208499	11410674	-0.048181	0.305958	-0.071507	-0.004716
3	10740120	12081451	-0.157084	0.556497	-0.241395	-0.043221
3	11439168	13004687	-0.163984	0.546722	-0.275763	-0.044344
3	12097344	13860335	-0.179602	0.561322	-0.313326	-0.048660
3	13013407	14466005	-0.051197	-1.007732	-0.060028	-0.013341
3	13862833	15401587	0.387124	0.337821	0.243963	0.150606
3	14489087	16006783	0.293041	0.389707	0.221681	0.111549
3	15411134	16464933	0.048603	0.099587	0.041321	0.027310
3	16025719	17001254	0.090728	0.063404	0.046175	0.040412
3	16513999	17528537	0.114306	0.063164	0.048989	0.045117
3	17026141	17818546	0.266646	0.122035	0.105714	0.062660
3	17528783	18278722	0.014326	0.009069	0.007239	0.013023
3	17818607	18513109	-0.234695	-0.262723	-0.155204	-0.082314
3	18278778	18888776	-0.348363	-0.574197	-0.178050	-0.128695
3	18532286	19450672	-0.511037	-2.114485	-0.141320	-0.142992
3	18890975	19963717	-0.783985	1.656635	-0.104881	-0.285651
3	19450692	20632664	-0.964360	1.083926	-0.105772	-0.614393
3	19963951	21445965	-0.888210	1.688315	-0.142752	-0.562129
3	20632897	22309739	-0.338427	-0.830229	-0.106718	-0.220033
3	21447518	22693004	0.512076	0.305000	0.251005	0.253770
3	22312161	23239441	0.776667	0.348081	0.342542	0.425876
3	22693084	23927663	0.577161	0.253906	0.218813	0.165142
3	23239582	24557762	0.361061	0.151976	0.125006	0.076327
3	23951443	24863125	0.381975	0.150038	0.136447	0.075386
3	24574485	25350996	0.313678	0.133210	0.118878	0.066687
3	24867672	25864123	0.307083	0.127563	0.113521	0.060743
3	25353017	26325941	0.243613	0.107830	0.091856	0.053339
3	25869157	26889379	0.161677	0.080521	0.065745	0.044727
3	26350886	27344445	0.012698	0.007764	0.005845	0.016880
3	26898267	27776921	-0.229047	-0.200121	-0.122676	-0.054180
3	27399701	28454730	-0.371337	-0.391076	-0.210499	-0.136191
3	27803061	29095786	-0.228878	-0.177659	-0.119340	-0.052519
3	28478932	29528525	0.051097	0.028741	0.024469	0.020114
3	29106171	30491436	-0.156929	-0.128915	-0.095817	-0.024129
3	29529702	30913017	-0.468155	-0.663217	-0.356092	-0.254707
3	30505921	31399791	-0.455338	-0.344759	-0.247147	-0.326226
3	30913286	32105619	-0.126496	-0.060865	-0.048566	-0.086406
3	31420570	32610098	-0.130068	-0.164843	-0.035726	-0.032215
3	32119869	33003667	-0.689247	0.180341	-0.085322	-0.047317
3	32610121	33453530	-0.519028	8.289392	-0.072171	-0.055160
3	33008824	34870780	-0.353406	-0.075155	-0.055855	-0.155880
3	33766980	35716439	-0.262676	-0.178137	-0.096425	-0.124534
3	34882964	36603835	0.055099	0.085559	0.040165	0.027571
3	35728440	37212430	0.021887	0.038396	0.017528	0.000028
3	36655715	38122604	-0.561625	-2.664281	-0.348024	-0.367951
3	37221230	39567859	-0.238096	-0.304179	-0.132894	-0.180571
3	38122665	40537326	0.045509	0.039917	0.022484	-0.001994
3	39567898	41023716	0.100651	0.078959	0.045023	0.028169
3	40537348	41811596	0.143404	0.111497	0.077109	0.036762
3	41023745	43600555	-0.034935	-0.034482	-0.024080	-0.021257
3	41813543	44926941	-0.177030	-0.185226	-0.105743	-0.114819
3	43706578	46776691	-0.233426	-0.313562	-0.139941	-0.138057
3	45029555	47402306	-0.102179	-0.135151	-0.075560	-0.034835
4	1736264	3752215	0.709378	0.421065	0.375171	0.488119
4	2887895	4770952	0.216541	0.279172	0.108166	0.085684
4	3752252	6614977	-0.152721	-0.906428	-0.060706	-0.094965
4	4940916	7756710	-0.098641	-0.197299	-0.048758	-0.057783
4	6642445	8483888	0.304662	0.220282	0.134450	0.174829
4	7756755	8877092	0.668320	0.446835	0.340526	0.421860
4	8483895	9281008	0.797203	0.568282	0.562634	0.580485
4	8878372	9670209	0.030979	0.062062	0.014790	-0.040762
4	9281038	9903103	-0.781076	1.328051	-0.187004	-0.387878
4	9677338	10593460	-0.936377	1.163226	-0.124940	-0.480281
4	9903141	11020778	-0.384444	30.577745	-0.047030	-0.288621
4	10601998	11441056	0.010224	0.021181	0.002093	-0.013908
4	11020801	12117458	0.202543	0.233511	0.058704	0.046873
4	11441126	13277221	0.592087	0.370204	0.201542	0.426954
4	12117490	14029371	0.398638	0.315225	0.187344	0.246030
4	13277397	14418182	0.381918	0.263508	0.175945	0.272137
4	14124360	14899127	0.683626	0.327444	0.273838	0.532259
4	14418346	15263232	0.869591	0.323935	0.313439	0.683840
4	14927200	16061619	0.915777	0.325700	0.325545	0.729402
4	15263632	16531447	0.866729	0.600289	0.599548	0.770108
4	16074017	17199948	0.846248	0.582057	0.578787	0.769967
4	16531592	17450851	0.855402	0.549458	0.545851	0.773349
4	17200165	17825496	0.890897	0.593775	0.592659	0.796243
4	17464179	18241194	0.894375	0.543556	0.543556	0.784703
4	17826402	18634480	0.860376	0.520878	0.520878	0.746914
4	18245135	18859752	0.888995	0.575013	0.575013	0.782816
4	18634524	19381558	0.897027	0.558049	0.558049	0.789051
4	18862276	19853444	0.819145	0.460868	0.420849	0.733614
4	19381799	21969312	0.608548	0.367628	0.229867	0.444323
4	19962302	24723637	0.549261	0.478138	0.225633	0.253333
4	21998995	25973633	0.656260	0.539986	0.348215	0.351168
4	24730858	27239574	0.749733	0.552548	0.416362	0.670920
4	25973640	28008072	0.646626	0.594556	0.285568	0.549124
4	27244332	29662783	0.721629	0.548615	0.332689	0.620579
4	28016327	29938130	0.823895	0.449049	0.448396	0.751323
4	29663970	30378378	0.766294	0.399836	0.399836	0.705828
4	29938165	30617233	0.818397	0.510501	0.510501	0.754839
4	30378494	31185408	0.857471	0.654905	0.654905	0.788457
4	30636221	31474900	0.854566	0.643027	0.643027	0.786227
4	31185590	32012627	0.839685	0.584812	0.584812	0.774046
4	31475310	32530103	0.817831	0.490550	0.490550	0.751411
4	32012670	32993906	0.738888	0.431489	0.328724	0.668749
4	32530120	33345376	0.734471	0.426480	0.324511	0.668436
4	32995882	33762871	0.721795	0.318401	0.318401	0.666864
4	33346040	36771147	0.389493	0.242497	0.098194	0.244812
4	33769898	37451279	0.769581	0.419835	0.287827	0.643507
4	36771332	38061416	0.865215	0.404235	0.403448	0.732149
4	37457779	38353265	0.749697	0.323212	0.322385	0.655681
4	38071353	39059414	0.806541	0.354623	0.354286	0.718555
4	38353289	39501213	0.926647	0.412178	0.412178	0.841278
4	39103227	39793004	0.844029	0.261554	0.252478	0.703874
4	39501251	40405809	0.290036	0.051575	0.047845	0.125796
4	39795480	40778569	0.526455	0.068907	0.067591	0.260298
4	40438692	41592033	0.360659	0.060706	0.057404	0.164440
4	40810922	42116704	-0.025113	-0.015948	-0.010956	-0.016321
4	41592046	42681439	-0.613311	-2.059484	-0.337349	-0.482204
4	42126823	43757337	-0.576834	-2.127865	-0.433311	-0.382076
4	42709775	44938877	-0.374017	-0.431106	-0.222774	-0.210090
4	43757380	46473886	0.011410	0.009337	0.006068	-0.023323
4	44938888	47473615	0.091925	0.099252	0.065811	0.046137
4	46497774	49064923	0.135276	0.196143	0.117024	0.084793
5	1487058	4011587	-0.533082	-2.035547	-0.344296	-0.381556
5	3002558	7862889	-0.104193	-0.150042	-0.060879	-0.105598
5	4110862	8930596	0.334700	0.137804	0.106881	0.129888
5	7951533	14268199	-0.245780	-0.173095	-0.108617	-0.108581
5	8956616	20209005	-0.369670	-5.103480	-0.413176	-0.149286
5	14311560	24467329	-0.163699	-0.708550	-0.153296	-0.076685
5	20297085	25169112	0.371763	0.384603	0.273940	0.145675
5	24684421	25460838	0.776245	0.501343	0.490675	0.505906
5	25201712	25935602	0.788456	0.498997	0.490025	0.527001
5	25460881	26249047	0.792301	0.498675	0.497188	0.517352
5	25936121	26722525	0.786802	0.490675	0.482419	0.512998
5	26289770	27229069	0.453769	0.412561	0.205397	0.268612
5	26745681	27582029	0.198052	0.345046	0.099524	0.088996
5	27229358	28031568	0.481829	0.529914	0.508361	0.228541
5	27582292	29296849	0.409971	0.489460	0.459054	0.209323
5	28035818	30964920	0.489696	0.371399	0.324417	0.243930
5	29296886	31420444	0.299435	0.438346	0.378847	0.142947
5	30974271	32717987	0.232601	0.382180	0.276220	0.118282
5	31420466	33864345	0.203860	0.289002	0.181740	0.096446
5	32723715	34912653	0.250390	0.330174	0.205240	0.121646
5	33865396	36226507	0.259096	0.363471	0.163993	0.205721
5	34953812	36863813	0.060962	0.152927	0.037275	0.085067
5	36226528	38028055	-0.213292	-2.757845	-0.144832	-0.113273
5	36959239	39082944	0.014136	0.014833	0.009743	0.002141
5	38028075	40221204	0.123019	0.112042	0.077397	0.052239
5	39151100	41181026	-0.033461	-0.076380	-0.025876	-0.018526
6	111110	2996203	-0.565994	-3.703411	-0.357403	-0.354153
6	1566159	4855410	-0.710209	16.010392	-0.418939	-0.517701
6	2996208	6565007	0.021624	0.030949	0.012164	-0.042417
6	4932866	10325832	0.505774	0.385118	0.256938	0.259831
6	6598309	11219619	0.267769	0.201974	0.143369	0.088621
6	10327715	13049347	0.126580	0.086667	0.043981	0.036750
6	11293253	13766609	-0.337051	-0.381874	-0.139870	-0.216170
6	13121996	14928530	-0.135685	-0.186161	-0.092011	-0.097541
6	13789721	15716333	0.435841	0.389601	0.359903	0.309685
6	14929118	16673302	0.434799	0.392736	0.367803	0.264264
6	15716648	17605275	0.271945	0.187264	0.172127	0.152512
6	16744009	18682366	-0.165982	-0.110359	-0.092433	-0.166359
6	17650980	19342088	-0.221788	-0.152117	-0.119523	-0.169500
6	18704009	20597697	0.343372	0.105286	0.094982	0.196888
6	19354889	21309559	0.962480	0.111476	0.111250	0.958078
6	20649693	21814668	0.865162	0.123954	0.123547	0.836956
6	21309826	23489773	0.551846	0.114134	0.107420	0.340217
6	21899645	25042332	0.167199	0.050908	0.044518	-0.019079
6	23514404	26842635	0.236757	0.067813	0.061157	0.024806
6	25082307	28850428	0.351192	0.090807	0.084561	0.152413
6	26976751	29995685	0.321285	0.075871	0.070531	0.150108
6	28853186	31429617	0.329390	0.067292	0.060628	0.128864
6	30006917	32393157	0.082917	0.020464	0.018100	-0.032115
6	31459158	33616036	0.309056	0.059065	0.054309	0.123857
6	32398705	34886539	0.930805	0.113613	0.109798	0.909900
6	33617476	35674050	1.000000	0.093822	0.093822	1.000000
6	34957178	36746402	1.000000	0.079776	0.079776	1.000000
6	35674315	37567033	-0.387156	-0.138112	-0.065486	-0.278109
6	36746411	37923522	-0.658293	-5.524042	-0.298983	-0.270501
6	37575433	38331381	-0.527185	1.479295	-0.418199	-0.134121
6	37923528	38631025	-0.376088	1.522030	-0.260933	-0.087766
6	38331687	38874152	-0.318720	-1.356717	-0.206666	-0.091986
6	38631226	39438286	-0.279104	-1.382961	-0.188580	-0.068813
6	38880813	39953705	-0.101958	-0.221886	-0.059859	-0.013104
6	39454866	40123326	0.180970	0.137348	0.087816	0.061182
6	39953736	40347353	0.187878	0.127648	0.081912	0.071235
6	40123645	40800119	0.162121	0.140666	0.084852	0.073716
6	40355810	41183196	0.217950	0.230392	0.170021	0.145368
6	40810272	41550397	0.121175	0.209300	0.127702	0.082482
6	41196546	42266905	-0.142539	-1.089930	-0.185774	-0.064672
6	41560958	42562387	-0.307087	5.620256	-0.416688	-0.120387
6	42276008	42960647	-0.396883	-9.125916	-0.367180	-0.195383
6	42605420	43328585	-0.653692	-18.929968	-0.445296	-0.510449
6	42963091	43606796	-0.849965	29.376817	-0.482929	-0.736844
6	43348068	44196689	-0.732367	-3.122802	-0.361704	-0.583366
6	43624587	44774727	-0.744086	-8.350854	-0.393433	-0.501179
6	44196700	45589508	-0.513396	-9.763969	-0.349188	-0.278734
6	44774752	45782424	-0.076964	-0.270923	-0.137972	-0.044114
6	45589513	46097117	-0.225396	-0.706805	-0.307784	-0.111476
6	45783139	46682924	-0.376832	-0.613920	-0.315258	-0.203226
6	46097197	47289023	-0.264961	-0.290822	-0.183702	-0.166579
6	46682936	48058256	0.009751	0.016015	0.007005	-0.007068
6	47291795	48711884	0.263427	0.291727	0.171685	0.149957
6	48096280	49565510	0.204615	0.210878	0.110277	0.089588
6	48712019	50443082	-0.151649	-0.442699	-0.091516	-0.143628
7	1097730	3547188	-0.008051	-0.007789	-0.004217	-0.046553
7	2485335	4668327	0.144688	0.115345	0.075446	0.086229
7	3549979	6148717	0.293320	0.190396	0.116780	0.170511
7	4681774	6655264	0.262205	0.206445	0.096363	0.126515
7	6148933	7584426	0.321147	0.322748	0.172562	0.194825
7	6655271	8199857	0.287092	0.395278	0.200976	0.187594
7	7600185	9245143	0.301236	0.498460	0.183353	0.162768
7	8203918	10063098	0.104054	0.198855	0.045162	0.055825
7	9245688	12152834	-0.412445	-1.064067	-0.213800	-0.201845
7	10063381	12920686	-0.309467	-0.438146	-0.221726	-0.278124
7	12196962	13353014	0.393015	0.182939	0.182497	0.337893
7	12920693	13825796	0.397216	0.169712	0.169606	0.362215
7	13361658	14343512	0.372221	0.162980	0.160259	0.327044
7	13826001	15060167	0.088277	0.053580	0.040406	0.021409
7	14343575	15667893	-0.034360	-0.032777	-0.016326	-0.032477
7	15060509	16135306	0.479933	0.375858	0.245992	0.283258
7	15668215	17617240	0.253950	0.243516	0.156871	0.116946
7	16144918	19212455	0.220064	0.266645	0.147823	0.159580
7	17617280	19956215	0.510532	0.660037	0.308977	0.367872
7	19240795	20831921	0.564021	1.474771	0.192428	0.314998
7	19956264	22226737	0.601736	1.426551	0.193491	0.344507
7	20832307	23328557	0.622784	1.065407	0.264243	0.405321
7	22235499	24079104	0.573849	0.919200	0.219632	0.379051
7	23351449	25159486	0.562729	0.883075	0.219411	0.383500
7	24088428	26136330	0.638795	0.938175	0.324360	0.459291
7	25194369	27108682	0.631182	0.866256	0.388594	0.479392
7	26141573	28134757	0.605250	0.870210	0.323531	0.446232
7	27132947	29177204	0.634467	0.942320	0.296767	0.454628
7	28138744	30574390	0.665237	0.923542	0.369760	0.490057
7	29177485	32497029	0.615393	4.937446	0.127686	0.303908
7	30653564	34607455	0.179883	-0.061937	0.009066	0.043439
7	32606469	35862769	0.201788	-0.132457	0.015316	0.052466
7	34607467	37000933	-0.166211	-0.234765	-0.059408	-0.045589
7	35863055	37638843	0.256392	0.203314	0.158448	0.087299
7	37000963	38203820	0.620828	0.482385	0.393717	0.403667
7	37662848	39829719	0.542609	0.473375	0.366360	0.349216
7	38246306	42368529	0.532716	0.202023	0.188172	0.295298
8	475311	3362667	0.007684	0.009133	0.004261	0.015051
8	2256657	7075442	-0.071873	-0.065654	-0.031763	-0.072365
8	3371296	8859557	0.102868	0.048209	0.038728	0.048353
8	7075530	10584228	0.632892	0.571175	0.482967	0.496840
8	8859582	11618422	0.612409	0.724418	0.532051	0.445261
8	10728922	12703117	0.356503	0.313628	0.211803	0.229113
8	11639362	13997258	0.082188	0.041789	0.029180	0.054285
8	12703305	16237107	0.084273	0.034123	0.025518	0.065659
8	14000931	16964689	0.575915	0.209671	0.185933	0.311693
8	16245564	18102178	0.440204	0.206140	0.180216	0.243756
8	16984544	18825840	-0.005199	-0.004653	-0.003044	0.032944
8	18103071	19400834	-0.556149	-2.083462	-0.399059	-0.406478
8	18842684	19939412	-0.457935	-1.771062	-0.359085	-0.413552
8	19412193	21933283	0.347479	0.396200	0.309932	0.249230
8	19939804	23089874	0.611894	0.695525	0.393822	0.492725
8	21938279	23756456	0.723312	0.849626	0.454178	0.564399
8	23090548	24649759	-0.024677	-0.051997	-0.014330	-0.002227
8	23772630	25428530	-0.259682	2.107084	-0.182759	-0.069378
8	24649775	25891616	-0.263671	-1.279972	-0.161671	-0.069924
8	25430786	26425041	-0.193340	-0.235107	-0.101182	-0.056490
8	25892031	27092100	-0.193135	-0.373641	-0.111904	-0.057338
8	26425241	27740031	-0.233508	4.712188	-0.159192	-0.060279
8	27126076	28391788	-0.230682	-0.803406	-0.128471	-0.059607
8	27746001	28953793	-0.226865	1.542738	-0.180026	-0.061301
8	28395909	29625476	-0.192249	0.720416	-0.216149	-0.054582
8	29000330	29951672	-0.200997	0.649690	-0.207605	-0.054766
8	29625599	30518065	-0.217507	-0.262757	-0.100541	-0.057911
8	29957197	31282906	-0.266169	-0.183498	-0.106507	-0.115311
8	30518096	32076794	-0.256617	-0.274379	-0.121279	-0.110453
8	31283239	32873519	-0.199322	-2.711887	-0.124896	-0.050419
8	32086101	33679461	-0.210594	-0.792244	-0.144973	-0.067509
8	32879014	34386971	-0.210072	-0.258213	-0.105379	-0.067012
8	33756313	34804436	-0.245506	-1.350207	-0.124471	-0.061269
8	34466482	34990163	-0.403377	0.500307	-0.078571	-0.100390
8	34804474	36109659	-0.179695	0.705308	-0.046176	-0.049578
8	35016031	36373306	0.104125	0.185342	0.067129	0.020235
8	36109873	40210365	0.324291	0.256128	0.192650	0.106997
8	36373644	40767860	0.449706	0.252623	0.173147	0.197132
8	40210410	41421060	0.189441	0.159740	0.134633	0.105723
8	40767883	42026048	0.002680	0.001825	0.001437	0.002849
8	41449080	43211865	-0.250333	-0.229954	-0.125793	-0.091306
8	42030098	44723375	0.016681	0.020699	0.010076	0.015928
8	43217501	46136251	0.133051	0.118233	0.053075	0.071754
9	897380	3886629	-0.247820	-0.498563	-0.180981	-0.171465
9	2631416	4604273	-0.258622	-1.298959	-0.177859	-0.118978
9	3891245	5313975	0.049125	0.130043	0.042458	0.062001
9	4608021	6122769	-0.031509	-0.050685	-0.029679	-0.026015
9	5319835	6696429	-0.204230	-0.292857	-0.150466	-0.079429
9	6129027	7341128	-0.196632	-0.448584	-0.206726	-0.088272
9	6696443	7855965	0.040700	0.120265	0.062665	0.007874
9	7346846	8105057	0.194876	0.210350	0.170748	0.088392
9	7873774	8438742	0.173666	0.156800	0.135833	0.067344
9	8113334	8971977	0.192179	0.222248	0.185587	0.061148
9	8439024	9197375	0.309883	0.243502	0.235064	0.105450
9	8972000	9593949	0.291578	0.170811	0.168394	0.108494
9	9225624	9957034	0.054705	0.032472	0.028405	0.018818
9	9593972	10333864	-0.123636	-0.066015	-0.055421	-0.063838
9	9959638	10768549	-0.104448	-0.039548	-0.033862	-0.033540
9	10343309	11208349	-0.075360	-0.038541	-0.032525	-0.020056
9	10780759	11876558	-0.184953	-0.224569	-0.176748	-0.110116
9	11213083	12274359	-0.180823	-0.251963	-0.195835	-0.144525
9	11892448	12734712	-0.081961	-0.112411	-0.094199	-0.045993
9	12337906	13169159	0.036634	0.084547	0.074863	0.007696
9	12743784	13611218	0.038581	0.177494	0.161981	0.007545
9	13169376	13930884	0.020964	0.166434	0.142803	0.004109
9	13613519	14807345	0.025399	0.233886	0.192101	0.004896
9	13956951	15056801	0.031614	0.219983	0.207381	0.006197
9	14807579	15442314	0.036686	0.253004	0.243113	0.006868
9	15063887	16052329	0.049193	0.273572	0.262757	0.008747
9	15442994	16514194	0.057695	0.221212	0.209505	0.010118
9	16065242	16965426	0.055296	0.212403	0.198184	0.009633
9	16527374	17419618	0.035076	0.242701	0.205063	0.006382
9	16971570	18138082	0.047409	0.281501	0.226075	0.008307
9	17420327	18359349	0.168146	0.484989	0.458281	0.047339
9	18138310	18678918	0.180665	0.465721	0.417142	0.050715
9	18369612	19273071	0.070268	0.302271	0.243930	0.011562
9	18683161	19757836	0.017277	0.295127	0.262647	0.003218
9	19275824	20279910	0.076460	0.286973	0.242344	0.012716
9	19763703	20842956	0.395687	0.272524	0.248313	0.128041
9	20279949	21672311	0.751255	0.310231	0.297903	0.598465
9	20889208	22232934	0.939122	0.340173	0.338454	0.806756
9	21672697	22514556	0.961865	0.337625	0.336371	0.851304
9	22233179	22829779	0.976363	0.340475	0.340386	0.872745
9	22514730	23143919	0.977811	0.339936	0.339936	0.875805
9	22840554	23938002	0.921661	0.329287	0.317909	0.755086
9	23184918	24324832	0.920748	0.328802	0.317415	0.751609
9	23938011	24634675	0.976968	0.335027	0.335027	0.871240
9	24324992	25406786	0.977516	0.333081	0.333081	0.873603
9	24673333	25789957	0.977590	0.337549	0.337549	0.874421
9	25420304	26208432	0.715118	0.335051	0.323872	0.542535
9	25792273	27211439	0.601429	0.366577	0.348492	0.439351
9	26217220	27797910	0.781104	0.382079	0.378593	0.547974
9	27211464	28305514	0.830235	0.371275	0.361917	0.587208
9	27802829	28805309	0.853328	0.365518	0.356884	0.615448
9	28305743	29498980	0.860415	0.349167	0.340518	0.627412
9	28810737	31019796	0.877262	0.353990	0.344212	0.666257
9	29504832	33372722	0.666634	0.325497	0.299440	0.492340
9	31020024	34098185	-0.283338	-0.457884	-0.166600	-0.159737
9	33381967	34661346	0.491592	0.366956	0.251695	0.382530
9	34126073	34928513	0.771189	0.667071	0.516785	0.620231
9	34664770	35533380	0.854158	0.922732	0.703884	0.683161
9	34929292	36220358	0.815832	0.939713	0.722212	0.604654
9	35533718	37823101	0.490269	0.748313	0.419799	0.264330
9	36229349	38827056	-0.374097	3.690725	-0.163880	-0.180261
9	37912037	39648709	-0.186237	-3.018965	-0.079290	-0.103773
9	38827122	40837087	0.366516	0.446088	0.388913	0.159759
9	39649622	41831579	0.309857	0.327519	0.215346	0.163084
9	40845821	42756515	0.191089	0.177428	0.112469	0.117991
9	41831609	43569756	-0.018497	-0.021755	-0.012125	-0.008542
9	42756527	44796287	-0.260220	-0.346994	-0.184605	-0.197562
9	43599881	46056061	-0.067008	-0.039882	-0.031476	-0.054591
10	479115	2883060	0.393820	0.166724	0.129414	0.191621
10	1735338	3930089	0.196740	0.127295	0.099194	0.092205
10	2883850	4640435	0.099636	0.142054	0.084848	0.046143
10	3930105	5455842	0.250868	0.437027	0.294092	0.120215
10	4640666	6103090	0.359490	0.659531	0.540179	0.196572
10	5456099	7666723	0.617829	0.498092	0.469192	0.368489
10	6106481	7925824	0.676152	0.510228	0.496589	0.323144
10	7666898	8273213	0.670563	0.523903	0.523054	0.290207
10	7926106	8919034	0.642267	0.495202	0.468677	0.275587
10	8282124	9125175	0.434630	0.367631	0.231687	0.223066
10	8919056	9432598	0.322514	0.278618	0.150959	0.250556
10	9156727	9953809	0.297626	0.296594	0.172764	0.141698
10	9432642	10398796	0.218034	0.359423	0.194195	0.052912
10	9953822	10743864	0.535568	0.535585	0.484052	0.167713
10	10412081	11088693	0.687432	0.488669	0.488669	0.285994
10	10746198	11485279	0.713862	0.396906	0.396906	0.329222
10	11091081	11927519	-0.277627	-0.341566	-0.145381	-0.297279
10	11485303	12198498	-0.137247	-0.379737	-0.118054	-0.073575
10	11933998	12502856	0.038115	0.073727	0.034036	0.028937
10	12198516	12839205	-0.193527	-0.673505	-0.165854	-0.116039
10	12502874	13377386	-0.283201	-1.579301	-0.237534	-0.188452
10	12839215	13631483	0.034931	0.072308	0.030651	0.024915
10	13410938	14277232	0.212136	0.308902	0.195914	0.131093
10	13633633	14579226	-0.021228	-0.017777	-0.013398	-0.004260
10	14277443	14945925	-0.033001	-0.014773	-0.014256	-0.029030
10	14582988	15295557	-0.039417	-0.017491	-0.017015	-0.035165
10	14945969	15662119	-0.041201	-0.018166	-0.017398	-0.036479
10	15296629	16255677	-0.004840	-0.002199	-0.002113	-0.001952
10	15662500	16801715	0.039162	0.017730	0.017346	0.034247
10	16262131	17259109	-0.008481	-0.003691	-0.003561	-0.012872
10	16805554	17892209	-0.319945	-0.281958	-0.197766	-0.255624
10	17259128	18216320	-0.605068	-3.027152	-0.581774	-0.450475
10	17895350	18711741	-0.711013	15.867570	-0.774154	-0.534020
10	18216340	19198363	-0.028329	-0.060176	-0.029727	-0.001278
10	18712075	19716123	0.011376	0.023178	0.012143	0.017813
10	19201943	20133912	-0.554002	-9.383856	-0.608659	-0.380432
10	19720874	21221641	-0.619581	461.465650	-0.622151	-0.448587
10	20172059	22301363	-0.360159	-2.004733	-0.326157	-0.230091
10	21222778	23598918	-0.096311	-0.245364	-0.088095	-0.046315
10	22320786	24677007	-0.130579	-0.342490	-0.122669	-0.069552
10	23627231	25671111	-0.262617	-0.914744	-0.243152	-0.157756
10	24677764	25895475	-0.256475	-1.097552	-0.264600	-0.145842
10	25674666	26268460	-0.037205	-0.128196	-0.051744	-0.012027
10	25895516	26484860	0.245806	0.483136	0.359045	0.127599
10	26268514	26671325	0.175401	0.290943	0.190853	0.098995
10	26484865	27143822	0.129423	0.194528	0.120595	0.078177
10	26678970	27352099	0.010771	0.018089	0.009415	0.009453
10	27143835	27692946	-0.315668	-1.156500	-0.285678	-0.206982
10	27352895	28282176	-0.335152	-0.534342	-0.240490	-0.245471
10	27741906	28642016	-0.088077	-0.049022	-0.042166	-0.077326
10	28282182	28930200	-0.044901	-0.021597	-0.020132	-0.036340
10	28642046	29210724	-0.101792	-0.053222	-0.047476	-0.083447
10	28936420	29404180	-0.005294	-0.002997	-0.002837	-0.004244
10	29210850	29804049	0.056267	0.032728	0.032258	0.047875
10	29404316	30093520	-0.028461	-0.016494	-0.015746	-0.037478
10	29816393	31024946	-0.225542	-0.147107	-0.125261	-0.217613
10	30119551	32134957	-0.375469	-0.292142	-0.215199	-0.324161
10	31027472	32634931	-0.485340	-0.464889	-0.284789	-0.356702
10	32134990	32961815	-0.638127	-0.812296	-0.377526	-0.438209
10	32634951	33112765	-0.654939	-1.046240	-0.428655	-0.478692
10	32963564	33439425	-0.650328	-1.214814	-0.455690	-0.466058
10	33113707	34267262	-0.596834	-0.594144	-0.330779	-0.408393
10	33439437	34920882	-0.558493	-0.219688	-0.176633	-0.413420
10	34267282	35892482	-0.202618	-0.116660	-0.098501	-0.095880
10	34920896	36703094	-0.168058	-0.146288	-0.117928	-0.062051
10	35903780	37694892	-0.356320	-0.396142	-0.153099	-0.168169
10	36703355	38334466	-0.448235	-6.625149	-0.125600	-0.259379
10	37698782	38907922	-0.214258	-0.681543	-0.071731	-0.144744
10	38334514	40628890	0.595479	0.482765	0.356189	0.434771
10	38920843	42616932	0.704251	0.444560	0.400184	0.353888
10	40702421	44398159	0.226483	0.111257	0.084833	0.062775
10	42616937	46689840	0.231658	0.115639	0.090293	0.137335
10	44431763	48075252	0.131359	0.128132	0.071784	0.089962
10	46728553	48820390	-0.054960	-0.264445	-0.038580	-0.018955
10	48085074	49848206	-0.109176	-0.293576	-0.082246	-0.043766
11	399298	4296188	-0.222403	-0.512605	-0.156353	-0.149573
11	1725926	5671948	0.115172	0.167449	0.113479	0.077780
11	4296449	6340967	0.570939	0.568020	0.500128	0.418290
11	5674512	7807437	0.695704	0.548899	0.505491	0.551885
11	6341127	8556808	0.495671	0.420118	0.340550	0.294931
11	7814508	9984582	0.698315	0.478523	0.416213	0.411315
11	8608275	10963253	0.522644	0.288998	0.160646	0.327529
11	10005880	11738970	-0.331858	-0.244333	-0.066780	-0.226576
11	10963328	12847619	-0.684468	-33.019247	-0.195794	-0.457137
11	11739175	14000586	-0.941941	1.377723	-0.296095	-0.636724
11	12918210	14755533	-0.939168	1.415572	-0.298055	-0.663172
11	14043626	15143298	-0.679907	2.695219	-0.254196	-0.504656
11	14755541	15848503	-0.279383	-0.473237	-0.114980	-0.234148
11	15162183	17108732	-0.132935	-0.125932	-0.051263	-0.100983
11	15848793	18040049	0.418162	0.125446	0.102166	0.171001
11	17135819	19387643	0.640901	0.174041	0.173424	0.161723
11	18085985	20232766	0.070364	0.199264	0.186439	0.008047
11	19387975	20821944	0.044684	0.286129	0.261270	0.005233
11	20233513	21222063	0.048260	0.309904	0.306022	0.005506
11	20831268	21945305	0.048691	0.296456	0.290394	0.005432
11	21222356	22370678	0.043899	0.292240	0.280556	0.004871
11	21945324	22954042	0.044150	0.323122	0.311822	0.004958
11	22377014	23438571	0.045132	0.336200	0.331385	0.005150
11	22966188	25104843	-0.000001	-0.000009	-0.000001	-0.000934
11	23439342	25928886	0.003211	0.032240	0.005513	-0.000658
11	25216632	26492567	0.053717	0.335552	0.332390	0.005968
11	25929194	27212157	0.045738	0.154522	0.144613	0.004777
11	26492932	27549124	-0.011968	-0.011918	-0.011046	-0.001334
11	27213754	27895590	-0.106491	-0.039500	-0.037575	-0.056154
11	27549306	28163970	0.127492	0.049917	0.048832	0.070835
11	27895736	28654306	0.143822	0.056726	0.055419	0.129960
11	28164747	29193852	-0.061485	-0.029081	-0.022619	-0.043834
11	28659817	29725520	-0.049810	-0.023188	-0.017962	-0.033430
11	29234772	29925833	0.018752	0.007765	0.007560	0.017965
11	29733141	30501787	-0.142448	-0.085890	-0.076184	-0.121960
11	29926115	31637109	-0.013651	-0.047882	-0.037768	-0.001612
11	30616030	32311457	0.034312	0.246942	0.216707	0.004024
11	31641457	32782504	0.449865	0.219301	0.218879	0.076947
11	32323469	33177913	0.907637	0.215217	0.196334	0.590162
11	32782550	34832440	0.925893	0.320036	0.289247	0.723842
11	33188546	36313374	0.722913	0.277987	0.231826	0.591045
11	34873193	38347621	-0.359248	-0.243691	-0.129226	-0.246601
12	860071	2116386	-0.325083	-1.425217	-0.317753	-0.195836
12	1481720	3393229	-0.445213	-2.476078	-0.452190	-0.295546
12	2129122	5682185	-0.382797	-0.696416	-0.301238	-0.266963
12	3408111	6704291	-0.236101	-0.287265	-0.138895	-0.132915
12	5701798	7785690	-0.227531	-0.298307	-0.167396	-0.115520
12	6728105	8745464	-0.274491	-0.423016	-0.177911	-0.160366
12	7785723	9110047	-0.565723	-1.963451	-0.413288	-0.415916
12	8790481	9459305	-0.582380	-1.338197	-0.503871	-0.385420
12	9115227	10040165	-0.163293	-0.188531	-0.118155	-0.081023
12	9494309	10433441	-0.220234	-0.239740	-0.153452	-0.132911
12	10040182	10907908	-0.416021	-0.454845	-0.280418	-0.361886
12	10433648	11310518	-0.172659	-0.158499	-0.116297	-0.142046
12	10914665	12611750	0.282444	0.235276	0.208135	0.215342
12	11326816	13948689	0.511953	0.326234	0.313739	0.382002
12	12614463	14776985	0.561735	0.263353	0.260176	0.506635
12	14020205	15362869	0.626844	0.294575	0.294138	0.567954
12	14780297	16052612	0.662732	0.344966	0.344966	0.596936
12	15369369	16370635	0.699345	0.411339	0.410638	0.629253
12	16052630	16816842	0.664075	0.387905	0.385629	0.588677
12	16385761	17624616	0.640413	0.336616	0.335304	0.569152
12	16822620	17917365	0.666797	0.353624	0.353624	0.600369
12	17624644	20491908	0.709613	0.394376	0.394376	0.638571
12	17918162	23778735	0.655823	0.336825	0.332021	0.576374
12	20545197	30557553	0.454469	0.220383	0.189949	0.303471
12	24066633	34684243	0.688046	0.284178	0.264286	0.492999
12	31359826	35835923	0.340062	0.225067	0.158804	0.231889
12	34684508	37715113	-0.074225	-0.089502	-0.040388	-0.039527
12	35900297	39414135	-0.268323	-0.349465	-0.168912	-0.166705
13	81462	2593516	-0.048122	-0.059864	-0.029163	0.012641
13	1533592	3773366	0.710649	0.311585	0.284813	0.243022
13	2593543	4906718	0.695607	0.249161	0.242015	0.197546
13	3773422	6159557	0.542928	0.303763	0.265983	0.225704
13	5037111	7038684	0.282641	0.237709	0.170807	0.100437
13	6159968	7549282	-0.024279	-0.029696	-0.016612	-0.007885
13	7038697	8246431	0.119885	0.183997	0.102140	0.014722
13	7549288	8698201	0.313461	0.442304	0.316474	0.049695
13	8246449	9089494	0.345462	0.467735	0.417374	0.050610
13	8698224	9513211	0.317602	0.354235	0.347134	0.042406
13	9119421	9892654	0.330205	0.377321	0.377321	0.044871
13	9550739	10488592	0.278455	0.412516	0.371336	0.038782
13	9892675	11072152	0.192036	0.416656	0.325210	0.025556
13	10489163	11473988	0.072737	0.456503	0.179670	0.009372
13	11072854	11736747	-0.056868	1.142124	-0.134820	-0.009183
13	11483591	12265969	-0.097328	1.196881	-0.169212	-0.015912
13	11736762	12573814	0.022429	0.081614	0.027935	0.004859
13	12272902	12918221	0.255175	0.289759	0.234020	0.079836
13	12574084	13262009	0.202376	0.317547	0.241211	0.050245
13	12919283	13696072	0.200963	0.245537	0.194585	0.045295
13	13280968	14361049	0.140837	0.142250	0.104522	0.024391
13	13751874	15771010	0.007531	0.026384	0.009912	-0.003916
13	14361077	16846176	0.179726	0.354956	0.219618	0.046785
13	15773719	17692618	0.418129	0.386392	0.329390	0.130445
13	16854322	18341079	0.537702	0.367036	0.336130	0.205155
13	17692812	19066149	0.558188	0.353747	0.333394	0.237745
13	18376892	19733531	0.526453	0.338217	0.311630	0.214349
13	19141485	21607304	0.343113	0.284449	0.242000	0.158019
13	19741061	22491142	0.046054	0.060867	0.033834	0.031198
13	21607317	23710053	-0.117911	-0.226298	-0.102006	-0.066463
13	22491161	24735619	-0.162823	-0.467354	-0.264323	-0.048590
13	23710307	25800318	-0.114726	-0.363428	-0.170220	-0.032541
13	24776439	26708687	0.349609	0.373592	0.263450	0.231451
13	25800363	27203960	0.673294	0.547954	0.475835	0.487315
13	26708817	27859369	0.590058	0.532708	0.423891	0.426305
13	27203971	28761592	0.300066	0.242266	0.159596	0.170208
13	27864011	29920503	0.152577	0.103062	0.066973	0.056167
13	28761659	30689049	0.141581	0.119028	0.073456	0.060717
13	29944149	31797024	0.231602	0.220108	0.157736	0.132171
13	30705869	32440295	0.142574	0.137364	0.104338	0.063790
13	31797060	34365275	0.040688	0.049412	0.028413	0.030334
13	32456188	35892744	0.053231	0.083996	0.041732	0.044470
13	34550646	38398194	0.199314	0.137797	0.130497	0.092333
13	35892793	40480782	0.063318	0.051728	0.042233	0.023874
13	38398238	42264434	-0.120537	-0.184931	-0.074548	-0.099777
14	582036	2278141	0.339559	0.304673	0.200009	0.239395
14	1491917	3792250	0.224067	0.215978	0.119262	0.116623
14	2331748	4853342	0.231539	0.238733	0.122008	0.089364
14	3792261	6206844	0.286710	0.229644	0.147602	0.154273
14	4853549	7385992	0.029757	0.028533	0.019344	0.014215
14	6241392	8890564	0.426932	0.284548	0.235285	0.214564
14	7386019	9692293	0.552337	0.357869	0.330965	0.296292
14	8890608	10201291	-0.049646	-0.135359	-0.080441	-0.015686
14	9692495	10617104	-0.088846	-0.425959	-0.169367	-0.033802
14	10228970	10825545	-0.186995	2.630346	-0.484973	-0.088168
14	10619776	12402527	-0.212993	3.053478	-0.522079	-0.102448
14	10825853	12911074	-0.193810	-0.529413	-0.261340	-0.111268
14	12546712	13764869	-0.121367	-0.159983	-0.121602	-0.081805
14	12912235	18986164	-0.107870	-0.190574	-0.086684	-0.083861
14	13834208	20212933	-0.401996	2.421723	-0.090004	-0.217116
14	19157410	20909833	-0.866331	0.733635	-0.064587	-0.263685
14	20213920	21312615	-0.888573	0.646269	-0.044016	-0.228689
14	20927612	21879943	-0.821981	0.694956	-0.041050	-0.236090
14	21314937	22390487	-0.878560	0.727025	-0.042033	-0.253369
14	21880459	22767312	-0.958332	0.764783	-0.044967	-0.275173
14	22390496	24036029	-0.939604	0.715208	-0.040713	-0.256741
14	22788440	24760344	-0.873017	0.512241	-0.033733	-0.186526
14	24054538	25694554	-0.890924	0.519580	-0.034152	-0.177102
14	24760349	27571920	-0.938330	0.698981	-0.038396	-0.211579
14	25716433	28259221	-0.744639	2.267083	-0.077420	-0.282416
14	27574930	29044636	-0.544036	-13.486036	-0.185935	-0.306871
14	28259562	29460384	-0.321859	-1.957694	-0.483226	-0.211565
14	29054634	29954700	-0.172273	-0.367023	-0.187500	-0.100256
14	29460656	30269874	-0.201811	-0.215524	-0.124198	-0.121468
14	29955162	30590529	-0.232752	-0.395977	-0.238940	-0.155396
14	30270416	31566692	-0.156081	-0.219901	-0.151082	-0.094771
14	30619179	32041303	-0.158006	-0.194576	-0.142407	-0.100381
14	31577681	32621979	-0.221906	-0.312479	-0.218738	-0.142653
14	32043749	32938701	-0.287732	-0.573915	-0.335781	-0.186960
14	32641697	33146462	-0.412105	-2.061867	-0.672063	-0.284408
14	32938951	33539780	-0.407595	-2.225354	-0.689956	-0.279948
14	33146635	33873234	-0.403919	-2.335630	-0.700207	-0.275647
14	33540012	34261765	-0.407208	-2.451599	-0.709736	-0.277415
14	33873285	34953473	-0.406625	-2.719045	-0.730524	-0.274877
14	34302559	35531498	-0.401253	-2.634885	-0.723322	-0.270125
14	35016041	35903588	-0.394421	-2.273012	-0.688222	-0.265504
14	35537334	36273822	-0.398019	-2.563660	-0.714350	-0.267353
14	35906352	36766172	-0.409180	-3.315149	-0.767852	-0.274150
14	36294270	37120887	-0.333124	-1.207619	-0.501821	-0.222953
14	36766419	37634210	-0.264616	-0.632938	-0.337272	-0.178040
14	37138817	38134369	-0.335202	-1.130622	-0.490252	-0.228182
14	37638988	38867968	-0.407564	-2.720103	-0.729791	-0.275771
14	38134406	39252566	-0.260130	-0.732096	-0.363068	-0.160656
14	38917233	39892474	-0.200338	-0.399022	-0.238453	-0.120830
14	39289032	40357742	-0.347618	-1.148660	-0.501684	-0.237158
14	39892548	40700522	-0.352953	-1.209620	-0.512408	-0.240453
14	40364645	40881827	-0.347793	-1.123011	-0.457435	-0.238586
14	40700554	41442182	-0.396575	-1.872457	-0.574376	-0.273198
14	40902235	41861897	-0.410083	-4.483752	-0.556037	-0.258352
14	41442206	42359504	-0.331670	2.556701	-0.421283	-0.160459
14	41865025	42717679	-0.174114	-0.252551	-0.176633	-0.084675
14	42392668	42970583	0.247729	0.162749	0.147211	0.098408
14	42719069	43316079	0.520507	0.272118	0.217100	0.258087
14	42970805	44396886	0.545400	0.445069	0.252497	0.330047
14	43318819	44949772	0.096591	0.268149	0.053175	0.056419
14	44410849	46106527	0.399034	0.440869	0.231848	0.232379
14	44949968	47024245	0.701990	0.469008	0.387869	0.464407
14	46106532	47872584	-0.141908	-0.135602	-0.070893	-0.126315
14	47040929	48905695	0.005329	0.005518	0.003620	-0.039166
15	935783	5138686	-0.175496	-0.310722	-0.086734	-0.149633
15	2239358	6018834	0.302645	0.316173	0.225242	0.164182
15	5138730	7667023	0.281579	0.407262	0.225725	0.120367
15	6046739	8941748	0.204019	0.161591	0.100666	0.061265
15	7676485	10427515	-0.070616	-0.072139	-0.037677	-0.080858
15	8941760	11495621	-0.257268	-0.505494	-0.173074	-0.160447
15	10427553	12580067	0.109145	0.111724	0.066645	0.042149
15	11496047	13112862	0.666613	0.433974	0.360019	0.466878
15	12582515	13768943	0.544806	0.461510	0.341484	0.286617
15	13189780	14429219	-0.083944	-0.227999	-0.042122	-0.085516
15	13768997	15084801	0.124337	0.190455	0.057674	0.014395
15	14455897	15710374	0.621641	0.537303	0.332857	0.376009
15	15085230	16432607	0.396684	1.033343	0.079299	0.108203
15	15753798	17116574	-0.761253	0.298069	-0.056708	-0.088225
15	16433593	17561304	-0.717273	0.300486	-0.102664	-0.056601
15	17117224	18241215	0.195338	0.467040	0.080360	0.040865
15	17574304	18545361	0.492971	0.333922	0.238745	0.188885
15	18270944	18988174	0.448372	0.318395	0.216513	0.154871
15	18546848	19227612	0.478138	0.316421	0.230977	0.187187
15	18988213	19787513	0.421261	0.334788	0.189060	0.125612
15	19245467	20238108	0.342868	0.357942	0.145040	0.078660
15	19807098	20519004	0.218006	0.334685	0.083784	0.039967
15	20238249	21006126	0.138496	0.103658	0.044597	0.020926
15	20533880	21316862	0.383110	0.125466	0.125323	0.354189
15	21009549	21944152	0.331267	0.102329	0.102074	0.307067
15	21316929	22313832	0.351187	0.109588	0.108371	0.324094
15	21944590	22602877	0.454343	0.141305	0.139180	0.408160
15	22323697	22956273	0.467912	0.159487	0.158379	0.427431
15	22681898	23343481	0.431064	0.151312	0.150866	0.399675
15	22972240	23709397	0.437591	0.162123	0.162031	0.408601
15	23368792	24059654	0.443661	0.171902	0.171839	0.412855
15	23711288	24275630	0.443157	0.167578	0.167512	0.411497
15	24059776	24550574	0.465812	0.180041	0.179993	0.437045
15	24282010	24950885	0.471510	0.181580	0.181272	0.442234
15	24563599	25355184	0.466475	0.179262	0.178647	0.435471
15	24954067	25811446	0.395781	0.139033	0.138823	0.368390
15	25355394	26083846	0.302622	0.092812	0.092598	0.283378
15	25811694	26284423	0.252821	0.074784	0.074519	0.239325
15	26085460	26667676	0.251086	0.074410	0.074304	0.238483
15	26285992	27186645	0.238968	0.069497	0.069351	0.229516
15	26667702	27541758	0.235747	0.069468	0.069305	0.227053
15	27188061	28000501	0.248148	0.074789	0.074646	0.237107
15	27563193	28426247	0.252073	0.075681	0.075444	0.240826
15	28003068	28994289	0.270079	0.078911	0.078524	0.253408
15	28426264	29484399	0.306336	0.099377	0.098762	0.280047
15	29015364	29811868	0.187714	0.057660	0.056232	0.172703
15	29484466	30050197	-0.105293	-0.021763	-0.020765	-0.102050
15	29811937	30219290	-0.265290	-0.039293	-0.037762	-0.268111
15	30068245	30690647	-0.215363	-0.031673	-0.030618	-0.212340
15	30220409	32066979	-0.125491	-0.020662	-0.019944	-0.126842
15	30691600	32456605	-0.015011	-0.002475	-0.002412	-0.016924
15	32067291	32942598	0.196510	0.036017	0.035508	0.168904
15	32456914	33387944	0.391094	0.084642	0.084418	0.359890
15	32942633	33618738	0.517395	0.128313	0.128198	0.488907
15	33388287	34043167	0.593884	0.156732	0.156641	0.563285
15	33618785	34324987	0.589331	0.134461	0.134425	0.561438
15	34064315	34843278	0.439464	0.084714	0.083723	0.429396
15	34374466	35390784	0.269752	0.041124	0.040578	0.274170
15	34843421	35709840	0.231173	0.025888	0.025866	0.237120
15	35390811	36111882	0.232524	0.036780	0.036734	0.232822
15	35716294	36337531	0.255896	0.067763	0.067573	0.242902
15	36111916	36612357	0.256067	0.076912	0.076728	0.241305
15	36337546	36989055	0.257174	0.073368	0.073182	0.243660
15	36636785	37255485	0.254878	0.073107	0.072817	0.241464
15	36989076	37742391	0.241412	0.073670	0.073372	0.224839
15	37271868	38077597	0.246252	0.077241	0.076975	0.226961
15	37742415	38268865	0.321271	0.092802	0.092461	0.292688
15	38081483	39080911	0.392868	0.083904	0.083713	0.374227
15	38284478	39679606	0.357074	0.063108	0.062955	0.344410
15	39083651	40020210	0.348629	0.080360	0.079837	0.331412
15	39681493	40405966	0.407006	0.127488	0.126388	0.389303
15	40088368	40854145	0.497298	0.219538	0.217518	0.463891
15	40442196	41149033	0.584096	0.272682	0.270733	0.540351
15	40854242	41520912	0.615584	0.294147	0.291177	0.571897
15	41149254	42020886	0.516110	0.263480	0.258699	0.463557
15	41521124	42818817	0.419947	0.270364	0.263715	0.349057
15	42020913	43398525	0.435311	0.268862	0.266154	0.347866
15	42818829	43615462	0.446055	0.349089	0.328888	0.266912
15	43401826	44057698	0.418176	0.424603	0.402013	0.268917
15	43642914	44765195	0.466455	0.521517	0.520235	0.351752
15	44057720	45163407	0.582367	0.756675	0.755933	0.435967
15	44767195	45820304	0.588707	0.665030	0.664855	0.448902
15	45163502	46741776	0.480548	0.229929	0.229929	0.402196
15	45820316	47095595	0.186942	0.076848	0.045292	0.055565
15	46745602	47556889	-0.098127	-0.170036	-0.021764	-0.015903
15	47095604	48371253	0.198112	0.151856	0.058634	0.022812
15	47557207	48930872	0.310043	0.103578	0.100311	0.231685
15	48405777	49446734	0.308740	0.128871	0.127531	0.285408
15	48931188	50100047	0.065749	0.084046	0.034392	0.007131
15	49513956	50452734	-0.419833	-2.291647	-0.202290	-0.135213
16	50235	2810296	-0.004506	-0.008341	-0.002548	-0.009075
16	1171300	4426959	0.446890	0.394904	0.275774	0.254216
16	2810350	5533390	0.462093	0.279899	0.241786	0.260605
16	4484330	6264904	0.237860	0.129215	0.090906	0.138273
16	5588851	7085484	0.180451	0.095297	0.061138	0.079098
16	6265095	7494735	0.446582	0.182984	0.147050	0.247497
16	7085603	7809599	0.643508	0.219474	0.188189	0.312873
16	7495017	8450358	0.620295	0.192600	0.156892	0.257581
16	7809638	8957387	0.562666	0.199215	0.181898	0.457575
16	8450989	9223922	0.399488	0.163404	0.163379	0.362544
16	8958875	9669717	0.367638	0.150613	0.149692	0.333159
16	9223988	10736812	0.450859	0.162464	0.159289	0.415044
16	9669729	11276455	0.532877	0.193816	0.191370	0.495449
16	10737134	12010334	0.492228	0.193586	0.192221	0.452735
16	11278603	12389153	0.422578	0.178072	0.176840	0.385124
16	12020947	12826616	0.407630	0.174257	0.172791	0.371476
16	12389358	13190026	0.411226	0.175188	0.173304	0.375358
16	12826625	13452072	0.490752	0.197261	0.195630	0.451374
16	13190071	14005514	0.495752	0.199699	0.198034	0.456310
16	13452186	14435497	0.480798	0.197406	0.195268	0.442407
16	14018328	14860164	0.501678	0.212882	0.206927	0.439790
16	14440016	15164485	0.293521	0.174213	0.142306	0.198468
16	14902760	15434710	-0.343230	-1.377691	-0.162609	-0.188291
16	15164806	15690755	-0.383530	-1.184783	-0.131482	-0.240982
16	15435059	16115618	-0.289108	-0.707629	-0.126133	-0.169127
16	15710478	16304892	-0.304098	-0.922632	-0.140808	-0.173266
16	16115851	16795724	-0.596143	1.429387	-0.311334	-0.279783
16	16305160	17126644	-0.604214	1.607880	-0.292822	-0.285239
16	16800852	17475905	-0.834969	1.170704	-0.159363	-0.385236
16	17126660	17831669	-0.933451	1.063077	-0.145069	-0.408222
16	17491406	18207628	-0.956485	1.054639	-0.143061	-0.418071
16	17832006	18744270	-0.949134	1.053770	-0.145522	-0.410381
16	18227200	19183914	-0.472172	1.304624	-0.104583	-0.216499
16	18744323	19504003	-0.175707	40.887096	-0.058635	-0.052687
16	19191105	21083195	-0.421437	6.667435	-0.292719	-0.184967
16	19525475	21591795	-0.326559	-1.447953	-0.203251	-0.158062
16	21083613	22057884	-0.187363	-0.294229	-0.105335	-0.106023
16	21667028	22519294	-0.253043	-0.574739	-0.166827	-0.136216
16	22076554	22987643	-0.873587	1.108338	-0.157418	-0.390856
16	22536276	23608678	-0.886367	1.195005	-0.139814	-0.403678
16	22987995	24178758	-0.921421	1.159328	-0.142096	-0.438550
16	23632752	24472298	-0.849770	1.069626	-0.130077	-0.386156
16	24179017	24762854	-0.842774	1.042383	-0.124927	-0.344904
16	24480213	25254307	-0.972115	1.027887	-0.141846	-0.373257
16	24776324	25835857	-0.969343	0.924434	-0.145048	-0.324656
16	25254315	26362231	-0.849296	0.842186	-0.139089	-0.264878
16	25835882	26665399	-0.288828	1.772606	-0.077104	-0.110145
16	26362465	27395366	-0.010330	-0.018699	-0.003841	0.009536
16	26728458	27690045	0.136307	0.132701	0.054129	0.075419
16	27395383	28235085	0.345055	0.379100	0.180322	0.238756
16	27690069	28438147	0.159041	0.349326	0.087882	0.111959
16	28235364	28838874	-0.172147	-0.180436	-0.073633	-0.121785
16	28465408	29564092	-0.080843	-0.063399	-0.038909	-0.061204
16	28838920	30176565	-0.084226	-0.052798	-0.040334	-0.055467
16	29642764	30681941	-0.164144	-0.102188	-0.075731	-0.079737
16	30197960	31839815	-0.175515	-0.175414	-0.087954	-0.097415
16	30727752	33385121	-0.087632	-0.077786	-0.039947	-0.057780
16	31839833	34709534	-0.171499	-0.239387	-0.080688	-0.111238
16	33385183	35942971	-0.074552	-0.074442	-0.035590	-0.059516
16	34726398	36637389	0.200208	0.145701	0.108660	0.146359
17	1421185	4228964	0.010858	0.009550	0.004315	-0.000317
17	3266317	5078835	0.042652	0.035597	0.020567	0.013709
17	4276788	6138528	0.134026	0.112419	0.084170	0.084567
17	5135357	8736233	-0.056101	-0.069976	-0.038528	-0.018590
17	6204035	10543184	-0.451562	6.565960	-0.264655	-0.183703
17	8740078	11921652	0.030123	0.292091	0.020928	-0.019789
17	10545621	12776338	0.546966	0.721286	0.574563	0.389184
17	11941643	13382985	0.385584	0.443197	0.392726	0.252924
17	12776623	13962933	0.254612	0.270154	0.201494	0.144670
17	13382991	14497709	0.114037	0.087617	0.067127	0.046652
17	13962973	14711078	0.124138	0.066254	0.061571	0.093903
17	14517037	15292719	0.132445	0.075277	0.069998	0.117987
17	14711417	15729642	0.316845	0.228841	0.223720	0.235564
17	15299843	15976558	0.403790	0.283259	0.274034	0.304328
17	15729674	16311401	0.314200	0.426467	0.346900	0.184035
17	15976854	16623729	0.334431	0.584560	0.414926	0.186477
17	16311640	16887326	0.388101	0.612447	0.462509	0.237224
17	16623875	17125676	0.428423	0.628913	0.503630	0.261097
17	16887382	17436860	0.373792	0.577459	0.427720	0.204690
17	17125700	17738838	0.382960	0.577290	0.442253	0.223116
17	17437004	17881127	0.397115	0.614853	0.468045	0.233879
17	17738963	18132311	0.292391	0.574545	0.343275	0.146373
17	17881393	18390574	0.268725	0.585814	0.319056	0.122271
17	18132325	18897505	0.224696	0.272067	0.201945	0.100416
17	18417711	19229626	0.280846	0.229018	0.206425	0.160177
17	18900006	19573865	0.396702	0.241094	0.241094	0.339441
17	19229885	19929862	0.354492	0.206303	0.206231	0.312502
17	19574047	20581054	0.311849	0.199679	0.199289	0.247115
17	19930753	21300895	0.305385	0.228268	0.226729	0.203070
17	20581271	21766146	0.310064	0.234147	0.232977	0.223430
17	21303077	22133598	0.314596	0.224430	0.224389	0.258132
17	21771575	22550210	0.309421	0.211011	0.211011	0.259816
17	22154557	23054338	0.309726	0.226025	0.225930	0.257851
17	22604645	23553568	0.308187	0.236690	0.236569	0.251627
17	23065940	24352794	0.331014	0.247221	0.247221	0.270681
17	23553814	24705741	0.361561	0.289553	0.288079	0.287707
17	24354561	25343644	0.315898	0.280774	0.276584	0.239862
17	24709218	25526981	0.302886	0.270583	0.266230	0.230535
17	25353543	26044667	0.299805	0.269657	0.265231	0.226833
17	25527258	26590968	0.281664	0.261202	0.255768	0.211837
17	26051045	26854760	0.294722	0.269695	0.264138	0.223029
17	26612242	27201410	0.310803	0.276393	0.272029	0.233224
17	26855217	27700121	0.283541	0.259428	0.255044	0.209081
17	27216385	28098377	0.144965	0.153017	0.149006	0.101306
17	27718450	28380924	0.042776	0.052442	0.049159	0.033621
17	28098411	28773662	0.049313	0.062050	0.057572	0.031683
17	28434961	29119132	0.073687	0.087045	0.083286	0.046071
17	28802060	29587200	0.064980	0.076640	0.073603	0.049578
17	29119454	30176296	0.069481	0.086148	0.081257	0.048950
17	29655892	30545071	0.112738	0.136538	0.126693	0.072314
17	30178263	31027997	0.227874	0.227318	0.219043	0.160707
17	30545109	31490729	0.293235	0.261057	0.254167	0.209526
17	31032093	32048704	0.310856	0.274143	0.267128	0.193062
17	31494486	32552871	0.255476	0.294404	0.271750	0.123120
17	32056593	32959621	0.171401	0.297428	0.237010	0.069075
17	32554149	33289580	0.240986	0.314101	0.276441	0.125550
17	32959823	33705253	0.072882	0.162205	0.093764	0.014045
17	33294675	34203280	-0.023647	-0.077663	-0.033976	-0.018462
17	33705476	34524596	0.011719	0.016025	0.012573	0.001790
17	34203437	34830755	-0.025765	-0.030989	-0.026927	-0.026671
17	34524904	35281836	-0.021760	-0.026168	-0.023532	-0.015910
17	34837402	35622395	-0.281242	-0.975930	-0.090899	-0.138507
17	35282850	36188637	-0.285917	-2.498277	-0.069830	-0.145817
17	35640425	36772495	0.017778	0.045594	0.008334	0.035245
17	36188703	37156467	0.174239	0.369424	0.119459	0.114263
17	36772501	37781930	0.151851	0.193041	0.102008	0.076216
17	37156499	38286712	-0.111998	-0.176979	-0.068127	-0.066630
17	37782230	39028162	-0.013667	-0.019430	-0.009667	-0.033618
17	38286913	39942491	0.204322	0.171707	0.129250	0.076990
18	67511	2123540	0.123938	0.140313	0.100341	0.081567
18	1336870	3555141	0.193645	0.255340	0.137736	0.089974
18	2123552	4031230	0.323911	0.205026	0.144854	0.190617
18	3555326	5520337	0.164861	0.098750	0.046279	0.103630
18	4034905	7175544	-0.352083	-1.232020	-0.080725	-0.169180
18	5553907	7790416	-0.047091	-0.044354	-0.013471	-0.041238
18	7175572	8826739	0.546864	0.315042	0.203172	0.357411
18	7814951	9596740	0.755227	0.406688	0.297031	0.546905
18	8826759	10582118	0.628586	0.314702	0.152032	0.342036
18	9596808	11090204	0.599608	0.126173	0.080053	0.171800
18	10582149	11324059	0.760495	0.114856	0.095147	0.159994
18	11090242	11611785	0.335077	0.067968	0.032947	0.040901
18	11324066	12125810	0.212233	0.071490	0.027262	0.032238
18	11612221	12642538	0.235564	0.089359	0.075794	0.127452
18	12159341	12932208	0.213263	0.073579	0.073347	0.194883
18	12642862	13249938	0.257478	0.075681	0.075531	0.238009
18	12932414	13769300	0.136743	0.037768	0.037722	0.125764
18	13249958	14391493	0.046357	0.012786	0.012769	0.041619
18	13769326	14815306	0.275370	0.052404	0.052281	0.203307
18	14399398	15616323	0.532013	0.075288	0.075029	0.453514
18	14836492	15995260	0.146118	0.030298	0.030185	0.129566
18	15616371	16220747	-0.011865	-0.002556	-0.002521	-0.018364
18	15999564	16703139	-0.136034	-0.026924	-0.026150	-0.052600
18	16235908	17347562	-0.169042	-0.032618	-0.031529	-0.030262
18	16703451	17697782	-0.185708	-0.039150	-0.037512	-0.026658
18	17347568	18107400	-0.232816	-0.048792	-0.046381	-0.045820
18	17701668	18253254	-0.251847	-0.051601	-0.048997	-0.083599
18	18107629	18819100	-0.197664	-0.040868	-0.039161	-0.036791
18	18297684	19331593	-0.056826	-0.012260	-0.011959	-0.017953
18	18819132	19978791	0.161417	0.041541	0.041081	0.120752
18	19368141	20422848	0.329961	0.101694	0.101360	0.274417
18	19986225	20855682	0.426956	0.136771	0.136499	0.374228
18	20422876	21397643	0.398927	0.132996	0.132978	0.379724
18	20855693	21825538	0.301790	0.092644	0.092644	0.290457
18	21443503	21979966	0.219623	0.052915	0.052904	0.213902
18	21825609	22359812	0.010000	0.002178	0.002129	0.011719
18	21979981	22923552	-0.273368	-0.057804	-0.054184	-0.264341
18	22371837	23345864	-0.437026	-0.092133	-0.084294	-0.425102
18	22928164	23876689	-0.420055	-0.093226	-0.085117	-0.367882
18	23348464	24057665	-0.311154	-0.063888	-0.059980	-0.281675
18	23876732	24645312	-0.217804	-0.041192	-0.039548	-0.233849
18	24061060	25139695	0.055615	0.013458	0.012550	-0.008164
18	24645318	25865627	0.624458	0.310340	0.257574	0.540409
18	25139734	27535525	0.688450	0.438573	0.329368	0.405034
18	25887182	28034457	-0.178944	-0.050674	-0.044928	-0.207310
18	27535961	28338938	-0.386586	-0.094924	-0.086665	-0.378481
18	28038752	28702617	-0.376871	-0.092862	-0.084971	-0.368338
18	28339246	29374504	-0.391123	-0.096680	-0.088157	-0.382221
18	28702894	29862365	-0.421195	-0.105955	-0.095804	-0.411639
18	29409777	30093681	-0.433372	-0.111424	-0.100253	-0.423692
18	29862376	30726291	-0.436683	-0.111674	-0.100456	-0.426415
18	30119870	31721658	-0.443476	-0.110787	-0.099737	-0.431668
18	30726513	32229742	-0.407911	-0.100792	-0.091563	-0.397444
18	31722381	32643743	-0.357624	-0.089606	-0.082149	-0.349377
18	32240293	33062527	-0.356126	-0.089769	-0.082286	-0.347888
18	32658687	33417901	-0.371103	-0.092055	-0.084295	-0.363338
18	33062738	34174669	-0.396546	-0.088590	-0.081378	-0.387707
18	33419357	34399747	-0.365036	-0.074528	-0.069347	-0.370651
18	34174848	34803385	-0.329382	-0.072837	-0.067846	-0.341624
18	34399767	35621062	-0.379661	-0.094259	-0.086098	-0.376902
18	34820841	36053896	-0.386502	-0.100102	-0.090910	-0.377425
18	35623985	36811413	-0.393071	-0.100390	-0.091147	-0.384078
18	36053961	37130090	-0.401987	-0.103600	-0.093875	-0.392969
18	36811445	37394469	-0.383646	-0.100755	-0.091447	-0.374635
18	37130358	37847029	-0.381535	-0.098729	-0.089771	-0.372597
18	37394513	38315834	-0.398455	-0.100286	-0.091145	-0.389115
18	37847059	38697035	-0.437145	-0.105482	-0.095418	-0.427525
18	38318664	38962146	-0.454526	-0.109745	-0.098892	-0.445909
18	38700412	40152316	-0.360147	-0.091539	-0.082921	-0.053079
18	39039050	41047246	0.071702	0.021826	0.020570	0.002427
18	40188372	43963877	0.624341	0.214691	0.211827	0.015584
18	41047454	44426245	0.923554	0.314269	0.312727	0.102337
18	43967646	46057906	0.451344	0.205078	0.180498	0.271223
18	44426260	46501647	-0.699003	-1.823228	-0.524731	-0.738698
18	46068217	47272579	-0.965830	15.851961	-0.934444	-0.918124
18	46507580	47780621	-0.965277	18.489430	-0.941913	-0.919035
18	47290377	48541500	-0.949050	26.425937	-0.947399	-0.889271
18	47780857	48830427	-0.870794	-2.098060	-0.620950	-0.704692
18	48579095	49190722	-0.382396	-0.108545	-0.089647	-0.192903
18	48836223	51237961	0.220133	0.032164	0.025400	0.117267
18	49192057	51961697	0.687789	0.238407	0.188259	0.397791
18	51243803	52287593	0.684895	0.235670	0.232585	0.411997
18	52041410	53137716	-0.070473	-0.022013	-0.017592	-0.051560
18	52298336	53954377	-0.117558	-0.050993	-0.037744	-0.043528
18	53138040	54718441	-0.019091	-0.008452	-0.007603	-0.005501
18	53954415	55605363	0.602028	0.550076	0.498794	0.247429
18	54799376	56514583	0.488362	0.506795	0.345839	0.340917
18	55626252	57500294	0.275658	0.226175	0.149902	0.133519
18	56546518	58397672	0.421481	0.259864	0.184000	0.216773
18	57500329	59144615	0.274314	0.221799	0.124765	0.151628
18	58397917	60020629	0.171212	0.147034	0.075808	0.060279
18	59147672	60853452	0.157927	0.125702	0.052693	0.031338
18	60070685	61308586	0.316323	0.295705	0.122693	0.190173
18	60853498	62147380	0.008145	0.013271	0.003378	0.028992
19	543424	2947020	0.467313	0.354788	0.304119	0.329883
19	1505311	3504545	0.705847	0.557874	0.489161	0.491359
19	2947143	4076240	0.510195	0.303682	0.252929	0.353469
19	3517700	5699934	-0.242637	-0.078886	-0.067306	-0.131253
19	4076814	6560833	-0.100028	-0.031236	-0.028297	-0.013597
19	5701376	7748967	0.102956	0.066934	0.063599	0.025573
19	6573499	8700976	0.395497	0.406014	0.395285	0.243730
19	7749611	8989173	0.834370	0.683179	0.681600	0.793549
19	8700989	9414361	0.825407	0.694820	0.662725	0.740792
19	8989196	9947205	0.665725	0.491529	0.449050	0.564571
19	9414775	10496737	0.288804	0.138425	0.137876	0.252129
19	9962577	10871582	0.232929	0.114943	0.114264	0.202377
19	10501387	11426307	0.221586	0.110386	0.109567	0.192147
19	10871838	11869630	0.214196	0.106578	0.106183	0.185403
19	11441888	12360748	0.305063	0.157842	0.157631	0.296298
19	11869691	12866032	0.340957	0.186035	0.185937	0.349887
19	12408254	13483707	0.221292	0.124610	0.124391	0.234444
19	12866087	13793996	0.053569	0.029977	0.029909	0.044756
19	13483856	14148952	0.174699	0.102661	0.102439	0.173503
19	13797785	14925978	0.292669	0.215743	0.165455	0.182785
19	14178723	15299477	0.365554	0.275186	0.214635	0.245820
19	14932869	15775021	0.284668	0.177143	0.176737	0.307441
19	15299879	16197715	0.267251	0.165739	0.165542	0.270069
19	15775039	16558264	0.310765	0.181696	0.181584	0.308904
19	16229459	17098589	0.233055	0.131593	0.131070	0.246733
19	16558498	17724650	0.307642	0.180813	0.180124	0.309094
19	17098920	18067717	0.238055	0.133144	0.132927	0.220537
19	17774169	18384090	0.060360	0.033396	0.033371	0.050826
19	18069873	18669531	0.057584	0.031047	0.030995	0.048377
19	18394943	19155956	0.034246	0.019876	0.017631	0.012024
19	18690830	19707887	0.056876	0.033151	0.029329	0.025770
19	19157132	20041488	0.306168	0.182901	0.182443	0.323227
19	19709088	20425264	0.365731	0.237312	0.236899	0.382654
19	20052432	20811181	0.365886	0.234835	0.234436	0.381963
19	20428471	21521873	0.278864	0.185053	0.167273	0.231069
19	20811484	22670887	0.094840	0.076926	0.047552	0.060114
19	21540422	23944709	0.103336	0.086030	0.051742	0.078653
19	22731611	24359037	0.020577	0.016001	0.012661	0.036475
19	23946258	24792955	0.025617	0.017508	0.016982	0.020536
19	24362212	25160183	0.141636	0.082442	0.082264	0.117004
19	24812788	25990836	0.093798	0.058896	0.057816	0.077039
19	25160482	27002529	0.066586	0.042231	0.040397	0.054924
19	26094569	27314309	-0.028528	-0.019334	-0.017714	-0.022049
19	27005919	30183134	0.074328	0.058932	0.054023	0.051230
19	27316807	30529892	0.367409	0.287805	0.283081	0.287953
19	30183162	30930902	0.477445	0.347587	0.347587	0.392066
19	30530022	31402298	0.448102	0.358481	0.357615	0.359496
19	30939267	31797583	0.411533	0.371720	0.370654	0.322752
19	31402495	32118973	0.379770	0.321830	0.321830	0.300741
19	31804142	32488247	0.305887	0.253385	0.252427	0.240531
19	32123032	32900513	0.341698	0.279889	0.277459	0.259949
19	32497989	33164789	0.371736	0.337116	0.334953	0.277862
19	32904163	33788670	0.356160	0.350280	0.338067	0.273161
19	33165079	34668285	0.302448	0.310544	0.232747	0.114907
19	33793574	35258321	0.115535	0.234038	0.078306	0.014652
19	34684532	35810605	0.058931	0.193448	0.046787	0.003698
19	35258431	36630957	-0.125996	-1.245315	-0.068117	-0.050606
19	35810754	37287748	0.265629	0.340232	0.124902	0.093114
19	36637094	37950956	0.605087	0.510048	0.348146	0.319604
19	37294035	39245594	0.403325	0.416488	0.206983	0.191777
19	38024500	40255847	0.436883	0.458269	0.263342	0.294558
19	39245605	41236526	0.197726	0.364709	0.114238	0.150182
19	40256022	43127050	-0.357424	22.539756	-0.184664	-0.135363
19	41245204	44708012	-0.337722	-4.912122	-0.233761	-0.128589
19	43127067	45295376	0.027084	0.038522	0.025568	0.004891
19	44732105	45838384	0.017791	0.023251	0.013631	0.004953
19	45295668	47862250	0.017997	0.019356	0.012811	0.009592
20	23432	1987199	0.256234	0.180843	0.139558	0.159552
20	1485509	2770741	0.221611	0.163443	0.137021	0.165207
20	1987246	3144766	-0.060186	-0.079378	-0.050212	-0.046778
20	2771026	3464548	-0.223232	-0.345550	-0.174886	-0.164689
20	3144917	4252984	-0.607754	-0.683356	-0.395148	-0.511834
20	3486366	4621519	-0.603646	-0.662545	-0.395216	-0.525915
20	4260271	15338309	-0.326041	-0.274390	-0.177854	-0.232165
20	4629498	23177351	0.219169	0.105178	0.071824	0.136419
20	15350702	24725094	0.578000	0.259336	0.221510	0.415863
20	23446270	25151147	0.621695	0.309577	0.309237	0.560660
20	24725369	25540277	0.633354	0.333660	0.333660	0.573643
20	25153013	25927860	0.641702	0.340663	0.340663	0.581531
20	25541303	26377161	0.629355	0.315580	0.315580	0.572626
20	25928024	26792452	0.621588	0.320290	0.307233	0.546211
20	26377186	27185348	0.454431	0.285710	0.140455	0.272849
20	26795246	27577837	0.330394	0.252426	0.115555	0.217296
20	27202336	28065769	0.320162	0.285586	0.093335	0.182298
20	27582312	28532257	-0.197432	0.249116	-0.015247	-0.047256
20	28069313	29097924	-0.901688	0.290998	-0.043124	-0.111795
20	28532488	29286125	-0.916296	0.307206	-0.045235	-0.118064
20	29122021	30028888	-0.909541	0.290028	-0.044308	-0.110568
20	29291360	30297142	0.465733	1.344823	0.087540	0.149999
20	30029236	32940808	0.378475	0.286335	0.176176	0.222439
20	30298650	33341184	0.095674	0.072633	0.065424	0.025479
20	32968379	33759341	0.267527	0.364403	0.269677	0.060612
20	33341189	34149672	0.184122	0.184344	0.152291	0.074220
20	33759353	34832060	-0.031057	-0.027559	-0.020981	0.001631
20	34149830	35430158	0.022158	0.023104	0.013157	0.017570
20	34832067	35931788	0.249451	0.231873	0.116617	0.102420
20	35432787	36674245	0.562101	0.276311	0.216455	0.282047
20	35933272	37831429	0.377213	0.185480	0.175815	0.200062
20	36681634	39485696	-0.090668	-0.081833	-0.054412	-0.037021
20	37872707	40917509	-0.066982	-0.056624	-0.035035	-0.052236
20	39515872	42099518	0.190908	0.136256	0.118792	0.119046
20	40917800	43644690	0.364974	0.252023	0.239685	0.236492
20	42099850	44594152	0.459028	0.383494	0.321478	0.301719
20	43696794	45791267	0.053720	0.063040	0.038648	0.015003
