pop	chromosome	window_pos_1	window_pos_2	avg_watterson_theta	no_sites	raw_watterson_theta	no_var_sites	weighted_no_sites
pop_A	chr2L	1	100	0.0488957489893054	98	4.791783400951934	17.0	98.0
pop_B	chr2L	1	100	0.0460195284605227	98	4.509913789131232	16.0	98.0
pop_A	chr2L	101	200	0.0370131813501931	99	3.664304953669126	13.0	99.0
pop_B	chr2L	101	200	0.048401852534868	99	4.791783400951934	17.0	99.0
pop_A	chr2L	201	300	0.0313188457578557	99	3.100565730027722	11.0	99.0
pop_B	chr2L	201	300	0.0626376915157115	99	6.201131460055444	22.0	99.0
pop_A	chr2L	301	400	0.0469782686367836	96	4.509913789131232	16.0	96.0
pop_B	chr2L	301	400	0.0587228357959795	96	5.63739223641404	20.0	96.0
pop_A	chr2L	401	500	0.0427075169425306	99	4.2280441773105295	15.0	99.0
pop_B	chr2L	401	500	0.0654848593118802	99	6.483001071876146	23.0	99.0
pop_A	chr2L	501	600	0.040682212015359	97	3.946174565489828	14.0	97.0
pop_B	chr2L	501	600	0.0552115734494158	97	5.355522624593338	19.0	97.0
pop_A	chr2L	601	700	0.0469782686367836	96	4.509913789131232	16.0	96.0
pop_B	chr2L	601	700	0.0616589775857785	96	5.919261848234742	21.0	96.0
pop_B	chr2L	701	800	0.0587228357959795	96	5.63739223641404	20.0	96.0
pop_A	chr2L	701	800	0.0411059850571857	96	3.946174565489828	14.0	96.0
pop_A	chr2L	801	900	0.0493998288757931	97	4.791783400951934	17.0	97.0
pop_B	chr2L	801	900	0.0552115734494158	97	5.355522624593338	19.0	97.0
pop_A	chr2L	901	1000	0.0450991378913123	100	4.509913789131232	16.0	100.0
pop_B	chr2L	901	1000	0.0507365301277263	100	5.073653012772636	18.0	100.0
pop_A	chr2L	1001	1100	0.0385716310912539	95	3.664304953669126	13.0	95.0
pop_B	chr2L	1001	1100	0.0623080194551025	95	5.919261848234742	21.0	95.0
pop_A	chr2L	1101	1200	0.0575244105756534	98	5.63739223641404	20.0	98.0
pop_B	chr2L	1101	1200	0.0661530721620014	98	6.483001071876146	23.0	98.0
pop_A	chr2L	1201	1300	0.0517719695180881	98	5.073653012772636	18.0	98.0
pop_B	chr2L	1201	1300	0.0690292926907841	98	6.764870683696848	24.0	98.0
pop_A	chr2L	1301	1400	0.0322975596877887	96	3.100565730027722	11.0	96.0
pop_B	chr2L	1301	1400	0.0440421268469846	96	4.2280441773105295	15.0	96.0
pop_A	chr2L	1401	1500	0.0507365301277263	100	5.073653012772636	18.0	100.0
pop_B	chr2L	1401	1500	0.0563739223641404	100	5.63739223641404	20.0	100.0
pop_B	chr2L	1501	1600	0.0610233180230385	97	5.919261848234742	21.0	97.0
pop_A	chr2L	1501	1600	0.0552115734494158	97	5.355522624593338	19.0	97.0
pop_A	chr2L	1601	1700	0.0381698432673867	96	3.664304953669126	13.0	96.0
pop_B	chr2L	1601	1700	0.0499144104265826	96	4.791783400951934	17.0	96.0
pop_A	chr2L	1701	1800	0.0450991378913123	100	4.509913789131232	16.0	100.0
pop_B	chr2L	1701	1800	0.0535552262459333	100	5.355522624593338	19.0	100.0
pop_A	chr2L	1801	1900	0.0427075169425306	99	4.2280441773105295	15.0	99.0
pop_B	chr2L	1801	1900	0.0455546847386993	99	4.509913789131232	16.0	99.0
pop_A	chr2L	1901	2000	0.0604006311044361	98	5.919261848234742	21.0	98.0
pop_B	chr2L	1901	2000	0.0776579542771321	98	7.610479519158954	27.0	98.0
pop_A	chr2L	2001	2100	0.0528505522163816	96	5.073653012772636	18.0	96.0
pop_B	chr2L	2001	2100	0.0792758283245724	96	7.610479519158954	27.0	96.0
pop_A	chr2L	2101	2200	0.0540961881272054	99	5.355522624593338	19.0	99.0
pop_B	chr2L	2101	2200	0.0711791949042176	99	7.04674029551755	25.0	99.0
pop_B	chr2L	2201	2300	0.0747817337483495	98	7.328609907338252	26.0	98.0
pop_A	chr2L	2201	2300	0.0747817337483495	98	7.328609907338252	26.0	98.0
pop_B	chr2L	2301	2400	0.0668350625966612	97	6.483001071876146	23.0	97.0
pop_A	chr2L	2301	2400	0.0552115734494158	97	5.355522624593338	19.0	97.0
pop_A	chr2L	2401	2500	0.0490208020557742	92	4.509913789131232	16.0	92.0
pop_B	chr2L	2401	2500	0.0459570019272883	92	4.2280441773105295	15.0	92.0
pop_A	chr2L	2501	2600	0.0411059850571857	96	3.946174565489828	14.0	96.0
pop_B	chr2L	2501	2600	0.0587228357959795	96	5.63739223641404	20.0	96.0
pop_A	chr2L	2601	2700	0.0287622052878267	98	2.81869611820702	10.0	98.0
pop_B	chr2L	2601	2700	0.0546481900468707	98	5.355522624593338	19.0	98.0
pop_A	chr2L	2701	2800	0.0610233180230385	97	5.919261848234742	21.0	97.0
pop_B	chr2L	2701	2800	0.0552115734494158	97	5.355522624593338	19.0	97.0
pop_A	chr2L	2801	2900	0.0427075169425306	99	4.2280441773105295	15.0	99.0
pop_B	chr2L	2801	2900	0.0597905237195428	99	5.919261848234742	21.0	99.0
pop_A	chr2L	2901	3000	0.0488957489893054	98	4.791783400951934	17.0	98.0
pop_B	chr2L	2901	3000	0.0632768516332188	98	6.201131460055444	22.0	98.0
pop_B	chr2L	3001	3100	0.0552115734494158	97	5.355522624593338	19.0	97.0
pop_A	chr2L	3001	3100	0.0377763397285476	97	3.664304953669126	13.0	97.0
pop_B	chr2L	3101	3200	0.0741762136370268	95	7.04674029551755	25.0	95.0
pop_A	chr2L	3101	3200	0.041538679636735	95	3.946174565489828	14.0	95.0
pop_A	chr2L	3201	3300	0.0535552262459333	100	5.355522624593338	19.0	100.0
pop_B	chr2L	3201	3300	0.0479178340095193	100	4.791783400951934	17.0	100.0
pop_A	chr2L	3301	3400	0.0370131813501931	99	3.664304953669126	13.0	99.0
pop_B	chr2L	3301	3400	0.0597905237195428	99	5.919261848234742	21.0	99.0
pop_A	chr2L	3401	3500	0.0668350625966612	97	6.483001071876146	23.0	97.0
pop_B	chr2L	3401	3500	0.0668350625966612	97	6.483001071876146	23.0	97.0
pop_A	chr2L	3501	3600	0.040682212015359	97	3.946174565489828	14.0	97.0
pop_B	chr2L	3501	3600	0.0552115734494158	97	5.355522624593338	19.0	97.0
pop_A	chr2L	3601	3700	0.0479178340095193	100	4.791783400951934	17.0	100.0
pop_B	chr2L	3601	3700	0.0422804417731053	100	4.2280441773105295	15.0	100.0
pop_A	chr2L	3701	3800	0.0460195284605227	98	4.509913789131232	16.0	98.0
pop_B	chr2L	3701	3800	0.0604006311044361	98	5.919261848234742	21.0	98.0
pop_A	chr2L	3801	3900	0.0373908668741747	98	3.664304953669126	13.0	98.0
pop_B	chr2L	3801	3900	0.0517719695180881	98	5.073653012772636	18.0	98.0
pop_B	chr2L	3901	4000	0.0632768516332188	98	6.201131460055444	22.0	98.0
pop_A	chr2L	3901	4000	0.0604006311044361	98	5.919261848234742	21.0	98.0
pop_A	chr2L	4001	4100	0.0591926184823474	100	5.919261848234742	21.0	100.0
pop_B	chr2L	4001	4100	0.0648300107187614	100	6.483001071876146	23.0	100.0
pop_A	chr2L	4101	4200	0.081364424030718	97	7.892349130979655	28.0	97.0
pop_B	chr2L	4101	4200	0.0755526794570953	97	7.328609907338252	26.0	97.0
pop_A	chr2L	4201	4300	0.0488957489893054	98	4.791783400951934	17.0	98.0
pop_B	chr2L	4201	4300	0.0632768516332188	98	6.201131460055444	22.0	98.0
pop_A	chr2L	4301	4400	0.0507365301277263	100	5.073653012772636	18.0	100.0
pop_B	chr2L	4301	4400	0.0620113146005544	100	6.201131460055444	22.0	100.0
pop_A	chr2L	4401	4500	0.0493998288757931	97	4.791783400951934	17.0	97.0
pop_B	chr2L	4401	4500	0.0581174457362272	97	5.63739223641404	20.0	97.0
pop_A	chr2L	4501	4600	0.0626376915157115	99	6.201131460055444	22.0	99.0
pop_B	chr2L	4501	4600	0.0569433559233741	99	5.63739223641404	20.0	99.0
pop_B	chr2L	4601	4700	0.0440421268469846	96	4.2280441773105295	15.0	96.0
pop_A	chr2L	4601	4700	0.0469782686367836	96	4.509913789131232	16.0	96.0
pop_B	chr2L	4701	4800	0.0546481900468707	98	5.355522624593338	19.0	98.0
pop_A	chr2L	4701	4800	0.0460195284605227	98	4.509913789131232	16.0	98.0
pop_A	chr2L	4801	4900	0.0719055132195668	98	7.04674029551755	25.0	98.0
pop_B	chr2L	4801	4900	0.0862866158634801	98	8.456088354621059	30.0	98.0
pop_A	chr2L	4901	5000	0.0517719695180881	98	5.073653012772636	18.0	98.0
pop_B	chr2L	4901	5000	0.0488957489893054	98	4.791783400951934	17.0	98.0
pop_A	chr2L	5001	5100	0.0517719695180881	98	5.073653012772636	18.0	98.0
pop_B	chr2L	5001	5100	0.0661530721620014	98	6.483001071876146	23.0	98.0
pop_A	chr2L	5101	5200	0.0398603491463618	99	3.946174565489828	14.0	99.0
pop_B	chr2L	5101	5200	0.0427075169425306	99	4.2280441773105295	15.0	99.0
pop_A	chr2L	5201	5300	0.0338243534184842	100	3.382435341848424	12.0	100.0
pop_B	chr2L	5201	5300	0.0366430495366912	100	3.664304953669126	13.0	100.0
pop_A	chr2L	5301	5400	0.0540961881272054	99	5.355522624593338	19.0	99.0
pop_B	chr2L	5301	5400	0.0683320271080489	99	6.764870683696848	24.0	99.0
pop_A	chr2L	5401	5500	0.0632768516332188	98	6.201131460055444	22.0	98.0
pop_B	chr2L	5401	5500	0.0776579542771321	98	7.610479519158954	27.0	98.0
pop_B	chr2L	5501	5600	0.0661530721620014	98	6.483001071876146	23.0	98.0
pop_A	chr2L	5501	5600	0.0373908668741747	98	3.664304953669126	13.0	98.0
pop_A	chr2L	5601	5700	0.0290587228681136	97	2.81869611820702	10.0	97.0
pop_B	chr2L	5601	5700	0.0348704674417363	97	3.382435341848424	12.0	97.0
pop_A	chr2L	5701	5800	0.040682212015359	97	3.946174565489828	14.0	97.0
pop_B	chr2L	5701	5800	0.0552115734494158	97	5.355522624593338	19.0	97.0
pop_A	chr2L	5801	5900	0.04314330793174	98	4.2280441773105295	15.0	98.0
pop_B	chr2L	5801	5900	0.0632768516332188	98	6.201131460055444	22.0	98.0
pop_A	chr2L	5901	6000	0.0626376915157115	99	6.201131460055444	22.0	99.0
pop_B	chr2L	5901	6000	0.0740263627003863	99	7.328609907338252	26.0	99.0
pop_A	chr2L	6001	6100	0.0435880843021704	97	4.2280441773105295	15.0	97.0
pop_B	chr2L	6001	6100	0.0493998288757931	97	4.791783400951934	17.0	97.0
pop_A	chr2L	6101	6200	0.0366430495366912	100	3.664304953669126	13.0	100.0
pop_B	chr2L	6101	6200	0.0479178340095193	100	4.791783400951934	17.0	100.0
pop_B	chr2L	6201	6300	0.0645951193755775	96	6.201131460055444	22.0	96.0
pop_A	chr2L	6201	6300	0.0528505522163816	96	5.073653012772636	18.0	96.0
pop_A	chr2L	6301	6400	0.0528505522163816	96	5.073653012772636	18.0	96.0
pop_B	chr2L	6301	6400	0.0763396865347734	96	7.328609907338252	26.0	96.0
pop_A	chr2L	6401	6500	0.048401852534868	99	4.791783400951934	17.0	99.0
pop_B	chr2L	6401	6500	0.076873530496555	99	7.610479519158954	27.0	99.0
pop_A	chr2L	6501	6600	0.0377763397285476	97	3.664304953669126	13.0	97.0
pop_B	chr2L	6501	6600	0.0581174457362272	97	5.63739223641404	20.0	97.0
pop_A	chr2L	6601	6700	0.0546481900468707	98	5.355522624593338	19.0	98.0
pop_B	chr2L	6601	6700	0.0575244105756534	98	5.63739223641404	20.0	98.0
pop_A	chr2L	6701	6800	0.0661530721620014	98	6.483001071876146	23.0	98.0
pop_B	chr2L	6701	6800	0.0747817337483495	98	7.328609907338252	26.0	98.0
pop_A	chr2L	6801	6900	0.0322975596877887	96	3.100565730027722	11.0	96.0
pop_B	chr2L	6801	6900	0.0557866940061806	96	5.355522624593338	19.0	96.0
pop_B	chr2L	6901	7000	0.0697409348834726	97	6.764870683696848	24.0	97.0
pop_A	chr2L	6901	7000	0.0581174457362272	97	5.63739223641404	20.0	97.0
pop_A	chr2L	7001	7100	0.0488957489893054	98	4.791783400951934	17.0	98.0
pop_B	chr2L	7001	7100	0.0546481900468707	98	5.355522624593338	19.0	98.0
pop_A	chr2L	7101	7200	0.0348704674417363	97	3.382435341848424	12.0	97.0
pop_B	chr2L	7101	7200	0.0523057011626044	97	5.073653012772636	18.0	97.0
pop_A	chr2L	7201	7300	0.0620113146005544	100	6.201131460055444	22.0	100.0
pop_B	chr2L	7201	7300	0.0591926184823474	100	5.919261848234742	21.0	100.0
pop_A	chr2L	7301	7400	0.0488957489893054	98	4.791783400951934	17.0	98.0
pop_B	chr2L	7301	7400	0.0661530721620014	98	6.483001071876146	23.0	98.0
pop_A	chr2L	7401	7500	0.0517719695180881	98	5.073653012772636	18.0	98.0
pop_B	chr2L	7401	7500	0.0719055132195668	98	7.04674029551755	25.0	98.0
pop_A	chr2L	7501	7600	0.0373908668741747	98	3.664304953669126	13.0	98.0
pop_B	chr2L	7501	7600	0.0546481900468707	98	5.355522624593338	19.0	98.0
pop_A	chr2L	7601	7700	0.0370131813501931	99	3.664304953669126	13.0	99.0
pop_B	chr2L	7601	7700	0.0370131813501931	99	3.664304953669126	13.0	99.0
pop_B	chr2L	7701	7800	0.0507365301277263	100	5.073653012772636	18.0	100.0
pop_A	chr2L	7701	7800	0.0281869611820702	100	2.81869611820702	10.0	100.0
pop_A	chr2L	7801	7900	0.0370131813501931	99	3.664304953669126	13.0	99.0
pop_B	chr2L	7801	7900	0.0540961881272054	99	5.355522624593338	19.0	99.0
pop_A	chr2L	7901	8000	0.0394617456548982	100	3.946174565489828	14.0	100.0
pop_B	chr2L	7901	8000	0.0507365301277263	100	5.073653012772636	18.0	100.0
pop_A	chr2L	8001	8100	0.0512490203310367	99	5.073653012772636	18.0	99.0
pop_B	chr2L	8001	8100	0.0626376915157115	99	6.201131460055444	22.0	99.0
pop_A	chr2L	8101	8200	0.0654848593118802	99	6.483001071876146	23.0	99.0
pop_B	chr2L	8101	8200	0.0797206982927237	99	7.892349130979655	28.0	99.0
pop_A	chr2L	8201	8300	0.0557866940061806	96	5.355522624593338	19.0	96.0
pop_B	chr2L	8201	8300	0.0587228357959795	96	5.63739223641404	20.0	96.0
pop_A	chr2L	8301	8400	0.0450991378913123	100	4.509913789131232	16.0	100.0
pop_B	chr2L	8301	8400	0.0535552262459333	100	5.355522624593338	19.0	100.0
pop_B	chr2L	8401	8500	0.0690292926907841	98	6.764870683696848	24.0	98.0
pop_A	chr2L	8401	8500	0.0661530721620014	98	6.483001071876146	23.0	98.0
pop_B	chr2L	8501	8600	0.0402670874029574	98	3.946174565489828	14.0	98.0
pop_A	chr2L	8501	8600	0.034514646345392	98	3.382435341848424	12.0	98.0
pop_A	chr2L	8601	8700	0.0523057011626044	97	5.073653012772636	18.0	97.0
pop_B	chr2L	8601	8700	0.0610233180230385	97	5.919261848234742	21.0	97.0
pop_A	chr2L	8701	8800	0.0623080194551025	95	5.919261848234742	21.0	95.0
pop_B	chr2L	8701	8800	0.0682421165460646	95	6.483001071876146	23.0	95.0
pop_A	chr2L	8801	8900	0.0697409348834726	97	6.764870683696848	24.0	97.0
pop_B	chr2L	8801	8900	0.0697409348834726	97	6.764870683696848	24.0	97.0
pop_A	chr2L	8901	9000	0.0575244105756534	98	5.63739223641404	20.0	98.0
pop_B	chr2L	8901	9000	0.0517719695180881	98	5.073653012772636	18.0	98.0
pop_A	chr2L	9001	9100	0.0755526794570953	97	7.328609907338252	26.0	97.0
pop_B	chr2L	9001	9100	0.0639291903098499	97	6.201131460055444	22.0	97.0
pop_A	chr2L	9101	9200	0.0704674029551754	96	6.764870683696848	24.0	96.0
pop_B	chr2L	9101	9200	0.0675312611653765	96	6.483001071876146	23.0	96.0
pop_A	chr2L	9201	9300	0.0455546847386993	99	4.509913789131232	16.0	99.0
pop_B	chr2L	9201	9300	0.0683320271080489	99	6.764870683696848	24.0	99.0
pop_B	chr2L	9301	9400	0.0882622016812299	99	8.737957966441762	31.0	99.0
pop_A	chr2L	9301	9400	0.0683320271080489	99	6.764870683696848	24.0	99.0
pop_A	chr2L	9401	9500	0.0427075169425306	99	4.2280441773105295	15.0	99.0
pop_B	chr2L	9401	9500	0.0654848593118802	99	6.483001071876146	23.0	99.0
pop_A	chr2L	9501	9600	0.0422804417731053	100	4.2280441773105295	15.0	100.0
pop_B	chr2L	9501	9600	0.0535552262459333	100	5.355522624593338	19.0	100.0
pop_A	chr2L	9601	9700	0.0523057011626044	97	5.073653012772636	18.0	97.0
pop_B	chr2L	9601	9700	0.0610233180230385	97	5.919261848234742	21.0	97.0
pop_A	chr2L	9701	9800	0.0704674029551754	96	6.764870683696848	24.0	96.0
pop_B	chr2L	9701	9800	0.0704674029551754	96	6.764870683696848	24.0	96.0
pop_A	chr2L	9801	9900	0.0322975596877887	96	3.100565730027722	11.0	96.0
pop_B	chr2L	9801	9900	0.0381698432673867	96	3.664304953669126	13.0	96.0
pop_A	chr2L	9901	10000	0.0569433559233741	99	5.63739223641404	20.0	99.0
pop_B	chr2L	9901	10000	0.0683320271080489	99	6.764870683696848	24.0	99.0
pop_B	chr2L	10001	10100	0.0616589775857785	96	5.919261848234742	21.0	96.0
pop_A	chr2L	10001	10100	0.0234891343183918	96	2.254956894565616	8.0	96.0
pop_A	chr2L	10101	10200	0.0427075169425306	99	4.2280441773105295	15.0	99.0
pop_B	chr2L	10101	10200	0.0540961881272054	99	5.355522624593338	19.0	99.0
pop_A	chr2L	10201	10300	0.0517719695180881	98	5.073653012772636	18.0	98.0
pop_B	chr2L	10201	10300	0.0575244105756534	98	5.63739223641404	20.0	98.0
pop_A	chr2L	10301	10400	0.0366430495366912	100	3.664304953669126	13.0	100.0
pop_B	chr2L	10301	10400	0.0450991378913123	100	4.509913789131232	16.0	100.0
pop_A	chr2L	10401	10500	0.0455546847386993	99	4.509913789131232	16.0	99.0
pop_B	chr2L	10401	10500	0.0597905237195428	99	5.919261848234742	21.0	99.0
pop_A	chr2L	10501	10600	0.0620113146005544	100	6.201131460055444	22.0	100.0
pop_B	chr2L	10501	10600	0.0648300107187614	100	6.483001071876146	23.0	100.0
pop_A	chr2L	10601	10700	0.0546481900468707	98	5.355522624593338	19.0	98.0
pop_B	chr2L	10601	10700	0.0719055132195668	98	7.04674029551755	25.0	98.0
pop_B	chr2L	10701	10800	0.0435880843021704	97	4.2280441773105295	15.0	97.0
pop_A	chr2L	10701	10800	0.0290587228681136	97	2.81869611820702	10.0	97.0
pop_B	chr2L	10801	10900	0.0479178340095193	100	4.791783400951934	17.0	100.0
pop_A	chr2L	10801	10900	0.0366430495366912	100	3.664304953669126	13.0	100.0
pop_A	chr2L	10901	11000	0.0488957489893054	98	4.791783400951934	17.0	98.0
pop_B	chr2L	10901	11000	0.0575244105756534	98	5.63739223641404	20.0	98.0
pop_A	chr2L	11001	11100	0.0575244105756534	98	5.63739223641404	20.0	98.0
pop_B	chr2L	11001	11100	0.0747817337483495	98	7.328609907338252	26.0	98.0
pop_A	chr2L	11101	11200	0.048401852534868	99	4.791783400951934	17.0	99.0
pop_B	chr2L	11101	11200	0.0626376915157115	99	6.201131460055444	22.0	99.0
pop_A	chr2L	11201	11300	0.0290587228681136	97	2.81869611820702	10.0	97.0
pop_B	chr2L	11201	11300	0.0493998288757931	97	4.791783400951934	17.0	97.0
pop_A	chr2L	11301	11400	0.0575244105756534	98	5.63739223641404	20.0	98.0
pop_B	chr2L	11301	11400	0.0747817337483495	98	7.328609907338252	26.0	98.0
pop_A	chr2L	11401	11500	0.034514646345392	98	3.382435341848424	12.0	98.0
pop_B	chr2L	11401	11500	0.0402670874029574	98	3.946174565489828	14.0	98.0
pop_B	chr2L	11501	11600	0.0616589775857785	96	5.919261848234742	21.0	96.0
pop_A	chr2L	11501	11600	0.0469782686367836	96	4.509913789131232	16.0	96.0
pop_A	chr2L	11601	11700	0.0488957489893054	98	4.791783400951934	17.0	98.0
pop_B	chr2L	11601	11700	0.0690292926907841	98	6.764870683696848	24.0	98.0
pop_A	chr2L	11701	11800	0.0512490203310367	99	5.073653012772636	18.0	99.0
pop_B	chr2L	11701	11800	0.0569433559233741	99	5.63739223641404	20.0	99.0
pop_A	chr2L	11801	11900	0.0469782686367836	96	4.509913789131232	16.0	96.0
pop_B	chr2L	11801	11900	0.0645951193755775	96	6.201131460055444	22.0	96.0
pop_A	chr2L	11901	12000	0.0348704674417363	97	3.382435341848424	12.0	97.0
pop_B	chr2L	11901	12000	0.0610233180230385	97	5.919261848234742	21.0	97.0
pop_A	chr2L	12001	12100	0.0591926184823474	100	5.919261848234742	21.0	100.0
pop_B	chr2L	12001	12100	0.0620113146005544	100	6.201131460055444	22.0	100.0
pop_A	chr2L	12101	12200	0.0488957489893054	98	4.791783400951934	17.0	98.0
pop_B	chr2L	12101	12200	0.0517719695180881	98	5.073653012772636	18.0	98.0
pop_A	chr2L	12201	12300	0.0469782686367836	96	4.509913789131232	16.0	96.0
pop_B	chr2L	12201	12300	0.0616589775857785	96	5.919261848234742	21.0	96.0
pop_B	chr2L	12301	12400	0.0929879131779635	97	9.019827578262465	32.0	97.0
pop_A	chr2L	12301	12400	0.0784585517439067	97	7.610479519158954	27.0	97.0
pop_B	chr2L	12401	12500	0.048401852534868	99	4.791783400951934	17.0	99.0
pop_A	chr2L	12401	12500	0.0341660135540244	99	3.382435341848424	12.0	99.0
pop_A	chr2L	12501	12600	0.0464939565889817	97	4.509913789131232	16.0	97.0
pop_B	chr2L	12501	12600	0.0668350625966612	97	6.483001071876146	23.0	97.0
pop_A	chr2L	12601	12700	0.048401852534868	99	4.791783400951934	17.0	99.0
pop_B	chr2L	12601	12700	0.0654848593118802	99	6.483001071876146	23.0	99.0
pop_A	chr2L	12701	12800	0.0377763397285476	97	3.664304953669126	13.0	97.0
pop_B	chr2L	12701	12800	0.0581174457362272	97	5.63739223641404	20.0	97.0
pop_A	chr2L	12801	12900	0.0626376915157115	99	6.201131460055444	22.0	99.0
pop_B	chr2L	12801	12900	0.0569433559233741	99	5.63739223641404	20.0	99.0
pop_A	chr2L	12901	13000	0.0620113146005544	100	6.201131460055444	22.0	100.0
pop_B	chr2L	12901	13000	0.0732860990733825	100	7.328609907338252	26.0	100.0
pop_A	chr2L	13001	13100	0.0394617456548982	100	3.946174565489828	14.0	100.0
pop_B	chr2L	13001	13100	0.0394617456548982	100	3.946174565489828	14.0	100.0
pop_A	chr2L	13101	13200	0.0535552262459333	100	5.355522624593338	19.0	100.0
pop_B	chr2L	13101	13200	0.0648300107187614	100	6.483001071876146	23.0	100.0
pop_B	chr2L	13201	13300	0.0873795796644176	100	8.737957966441762	31.0	100.0
pop_A	chr2L	13201	13300	0.0563739223641404	100	5.63739223641404	20.0	100.0
pop_A	chr2L	13301	13400	0.0488957489893054	98	4.791783400951934	17.0	98.0
pop_B	chr2L	13301	13400	0.0719055132195668	98	7.04674029551755	25.0	98.0
pop_A	chr2L	13401	13500	0.0517719695180881	98	5.073653012772636	18.0	98.0
pop_B	chr2L	13401	13500	0.0632768516332188	98	6.201131460055444	22.0	98.0
pop_A	chr2L	13501	13600	0.0626376915157115	99	6.201131460055444	22.0	99.0
pop_B	chr2L	13501	13600	0.0825678660888925	99	8.174218742800358	29.0	99.0
pop_A	chr2L	13601	13700	0.0569433559233741	99	5.63739223641404	20.0	99.0
pop_B	chr2L	13601	13700	0.076873530496555	99	7.610479519158954	27.0	99.0
pop_A	chr2L	13701	13800	0.034514646345392	98	3.382435341848424	12.0	98.0
pop_B	chr2L	13701	13800	0.0546481900468707	98	5.355522624593338	19.0	98.0
pop_A	chr2L	13801	13900	0.0523057011626044	97	5.073653012772636	18.0	97.0
pop_B	chr2L	13801	13900	0.0697409348834726	97	6.764870683696848	24.0	97.0
pop_B	chr2L	13901	14000	0.0616589775857785	96	5.919261848234742	21.0	96.0
pop_A	chr2L	13901	14000	0.0499144104265826	96	4.791783400951934	17.0	96.0
pop_B	chr2L	14001	14100	0.0546481900468707	98	5.355522624593338	19.0	98.0
pop_A	chr2L	14001	14100	0.0460195284605227	98	4.509913789131232	16.0	98.0
pop_A	chr2L	14101	14200	0.0523057011626044	97	5.073653012772636	18.0	97.0
pop_B	chr2L	14101	14200	0.0552115734494158	97	5.355522624593338	19.0	97.0
pop_A	chr2L	14201	14300	0.0338243534184842	100	3.382435341848424	12.0	100.0
pop_B	chr2L	14201	14300	0.0507365301277263	100	5.073653012772636	18.0	100.0
pop_A	chr2L	14301	14400	0.0493998288757931	97	4.791783400951934	17.0	97.0
pop_B	chr2L	14301	14400	0.0464939565889817	97	4.509913789131232	16.0	97.0
pop_A	chr2L	14401	14500	0.0402670874029574	98	3.946174565489828	14.0	98.0
pop_B	chr2L	14401	14500	0.0661530721620014	98	6.483001071876146	23.0	98.0
pop_A	chr2L	14501	14600	0.0464939565889817	97	4.509913789131232	16.0	97.0
pop_B	chr2L	14501	14600	0.0755526794570953	97	7.328609907338252	26.0	97.0
pop_A	chr2L	14601	14700	0.0517719695180881	98	5.073653012772636	18.0	98.0
pop_B	chr2L	14601	14700	0.0604006311044361	98	5.919261848234742	21.0	98.0
pop_A	chr2L	14701	14800	0.0599722578341919	94	5.63739223641404	20.0	94.0
pop_B	chr2L	14701	14800	0.0599722578341919	94	5.63739223641404	20.0	94.0
pop_B	chr2L	14801	14900	0.0639291903098499	97	6.201131460055444	22.0	97.0
pop_A	chr2L	14801	14900	0.0581174457362272	97	5.63739223641404	20.0	97.0
pop_A	chr2L	14901	15000	0.0639291903098499	97	6.201131460055444	22.0	97.0
pop_B	chr2L	14901	15000	0.0668350625966612	97	6.483001071876146	23.0	97.0
pop_A	chr2L	15001	15100	0.0784585517439067	97	7.610479519158954	27.0	97.0
pop_B	chr2L	15001	15100	0.0697409348834726	97	6.764870683696848	24.0	97.0
pop_A	chr2L	15101	15200	0.0517719695180881	98	5.073653012772636	18.0	98.0
pop_B	chr2L	15101	15200	0.0517719695180881	98	5.073653012772636	18.0	98.0
pop_A	chr2L	15201	15300	0.0626376915157115	99	6.201131460055444	22.0	99.0
pop_B	chr2L	15201	15300	0.0740263627003863	99	7.328609907338252	26.0	99.0
pop_A	chr2L	15301	15400	0.04314330793174	98	4.2280441773105295	15.0	98.0
pop_B	chr2L	15301	15400	0.0575244105756534	98	5.63739223641404	20.0	98.0
pop_A	chr2L	15401	15500	0.0604006311044361	98	5.919261848234742	21.0	98.0
pop_B	chr2L	15401	15500	0.0546481900468707	98	5.355522624593338	19.0	98.0
pop_B	chr2L	15501	15600	0.0552115734494158	97	5.355522624593338	19.0	97.0
pop_A	chr2L	15501	15600	0.040682212015359	97	3.946174565489828	14.0	97.0
pop_A	chr2L	15601	15700	0.0683320271080489	99	6.764870683696848	24.0	99.0
pop_B	chr2L	15601	15700	0.0854150338850612	99	8.456088354621059	30.0	99.0
pop_A	chr2L	15701	15800	0.0626376915157115	99	6.201131460055444	22.0	99.0
pop_B	chr2L	15701	15800	0.0597905237195428	99	5.919261848234742	21.0	99.0
pop_A	chr2L	15801	15900	0.0507365301277263	100	5.073653012772636	18.0	100.0
pop_B	chr2L	15801	15900	0.0563739223641404	100	5.63739223641404	20.0	100.0
pop_A	chr2L	15901	16000	0.0563739223641404	95	5.355522624593338	19.0	95.0
pop_B	chr2L	15901	16000	0.0623080194551025	95	5.919261848234742	21.0	95.0
pop_A	chr2L	16001	16100	0.0348704674417363	97	3.382435341848424	12.0	97.0
pop_B	chr2L	16001	16100	0.0348704674417363	97	3.382435341848424	12.0	97.0
pop_A	chr2L	16101	16200	0.0661530721620014	98	6.483001071876146	23.0	98.0
pop_B	chr2L	16101	16200	0.0891628363922628	98	8.737957966441762	31.0	98.0
pop_B	chr2L	16201	16300	0.0668350625966612	97	6.483001071876146	23.0	97.0
pop_A	chr2L	16201	16300	0.0464939565889817	97	4.509913789131232	16.0	97.0
pop_A	chr2L	16301	16400	0.0488957489893054	98	4.791783400951934	17.0	98.0
pop_B	chr2L	16301	16400	0.0575244105756534	98	5.63739223641404	20.0	98.0
pop_A	chr2L	16401	16500	0.0435880843021704	97	4.2280441773105295	15.0	97.0
pop_B	chr2L	16401	16500	0.0523057011626044	97	5.073653012772636	18.0	97.0
pop_A	chr2L	16501	16600	0.040682212015359	97	3.946174565489828	14.0	97.0
pop_B	chr2L	16501	16600	0.0523057011626044	97	5.073653012772636	18.0	97.0
pop_A	chr2L	16601	16700	0.0776579542771321	98	7.610479519158954	27.0	98.0
pop_B	chr2L	16601	16700	0.0776579542771321	98	7.610479519158954	27.0	98.0
pop_A	chr2L	16701	16800	0.0552115734494158	97	5.355522624593338	19.0	97.0
pop_B	chr2L	16701	16800	0.0668350625966612	97	6.483001071876146	23.0	97.0
pop_A	chr2L	16801	16900	0.0540961881272054	99	5.355522624593338	19.0	99.0
pop_B	chr2L	16801	16900	0.0683320271080489	99	6.764870683696848	24.0	99.0
pop_A	chr2L	16901	17000	0.0493998288757931	97	4.791783400951934	17.0	97.0
pop_B	chr2L	16901	17000	0.0639291903098499	97	6.201131460055444	22.0	97.0
pop_B	chr2L	17001	17100	0.0540961881272054	99	5.355522624593338	19.0	99.0
pop_A	chr2L	17001	17100	0.0569433559233741	99	5.63739223641404	20.0	99.0
pop_A	chr2L	17101	17200	0.0373908668741747	98	3.664304953669126	13.0	98.0
pop_B	chr2L	17101	17200	0.0488957489893054	98	4.791783400951934	17.0	98.0
pop_A	chr2L	17201	17300	0.0661530721620014	98	6.483001071876146	23.0	98.0
pop_B	chr2L	17201	17300	0.0805341748059148	98	7.892349130979655	28.0	98.0
pop_A	chr2L	17301	17400	0.0690292926907841	98	6.764870683696848	24.0	98.0
pop_B	chr2L	17301	17400	0.0747817337483495	98	7.328609907338252	26.0	98.0
pop_A	chr2L	17401	17500	0.0435880843021704	97	4.2280441773105295	15.0	97.0
pop_B	chr2L	17401	17500	0.0697409348834726	97	6.764870683696848	24.0	97.0
pop_A	chr2L	17501	17600	0.0632768516332188	98	6.201131460055444	22.0	98.0
pop_B	chr2L	17501	17600	0.0834103953346975	98	8.174218742800358	29.0	98.0
pop_A	chr2L	17601	17700	0.0591926184823474	100	5.919261848234742	21.0	100.0
pop_B	chr2L	17601	17700	0.0789234913097965	100	7.892349130979655	28.0	100.0
pop_B	chr2L	17701	17800	0.0504398252731782	95	4.791783400951934	17.0	95.0
pop_A	chr2L	17701	17800	0.041538679636735	95	3.946174565489828	14.0	95.0
pop_B	chr2L	17801	17900	0.0493998288757931	97	4.791783400951934	17.0	97.0
pop_A	chr2L	17801	17900	0.0493998288757931	97	4.791783400951934	17.0	97.0
pop_A	chr2L	17901	18000	0.0616589775857785	96	5.919261848234742	21.0	96.0
pop_B	chr2L	17901	18000	0.0704674029551754	96	6.764870683696848	24.0	96.0
pop_A	chr2L	18001	18100	0.0460195284605227	98	4.509913789131232	16.0	98.0
pop_B	chr2L	18001	18100	0.0460195284605227	98	4.509913789131232	16.0	98.0
pop_A	chr2L	18101	18200	0.0341660135540244	99	3.382435341848424	12.0	99.0
pop_B	chr2L	18101	18200	0.0427075169425306	99	4.2280441773105295	15.0	99.0
pop_A	chr2L	18201	18300	0.0488957489893054	98	4.791783400951934	17.0	98.0
pop_B	chr2L	18201	18300	0.0632768516332188	98	6.201131460055444	22.0	98.0
pop_A	chr2L	18301	18400	0.0563739223641404	100	5.63739223641404	20.0	100.0
pop_B	chr2L	18301	18400	0.0648300107187614	100	6.483001071876146	23.0	100.0
pop_A	chr2L	18401	18500	0.0523057011626044	97	5.073653012772636	18.0	97.0
pop_B	chr2L	18401	18500	0.0464939565889817	97	4.509913789131232	16.0	97.0
pop_A	chr2L	18501	18600	0.0540961881272054	99	5.355522624593338	19.0	99.0
pop_B	chr2L	18501	18600	0.0654848593118802	99	6.483001071876146	23.0	99.0
pop_B	chr2L	18601	18700	0.04314330793174	98	4.2280441773105295	15.0	98.0
pop_A	chr2L	18601	18700	0.04314330793174	98	4.2280441773105295	15.0	98.0
pop_A	chr2L	18701	18800	0.0581174457362272	97	5.63739223641404	20.0	97.0
pop_B	chr2L	18701	18800	0.0610233180230385	97	5.919261848234742	21.0	97.0
pop_A	chr2L	18801	18900	0.034514646345392	98	3.382435341848424	12.0	98.0
pop_B	chr2L	18801	18900	0.0546481900468707	98	5.355522624593338	19.0	98.0
pop_A	chr2L	18901	19000	0.04314330793174	98	4.2280441773105295	15.0	98.0
pop_B	chr2L	18901	19000	0.0517719695180881	98	5.073653012772636	18.0	98.0
pop_A	chr2L	19001	19100	0.0581174457362272	97	5.63739223641404	20.0	97.0
pop_B	chr2L	19001	19100	0.0755526794570953	97	7.328609907338252	26.0	97.0
pop_A	chr2L	19101	19200	0.0504398252731782	95	4.791783400951934	17.0	95.0
pop_B	chr2L	19101	19200	0.0445057281822161	95	4.2280441773105295	15.0	95.0
pop_A	chr2L	19201	19300	0.0546481900468707	98	5.355522624593338	19.0	98.0
pop_B	chr2L	19201	19300	0.0719055132195668	98	7.04674029551755	25.0	98.0
pop_B	chr2L	19301	19400	0.0591926184823474	100	5.919261848234742	21.0	100.0
pop_A	chr2L	19301	19400	0.0591926184823474	100	5.919261848234742	21.0	100.0
pop_A	chr2L	19401	19500	0.0581174457362272	97	5.63739223641404	20.0	97.0
pop_B	chr2L	19401	19500	0.072646807170284	97	7.04674029551755	25.0	97.0
pop_A	chr2L	19501	19600	0.0338243534184842	100	3.382435341848424	12.0	100.0
pop_B	chr2L	19501	19600	0.0507365301277263	100	5.073653012772636	18.0	100.0
pop_A	chr2L	19601	19700	0.0523057011626044	97	5.073653012772636	18.0	97.0
pop_B	chr2L	19601	19700	0.0523057011626044	97	5.073653012772636	18.0	97.0
pop_A	chr2L	19701	19800	0.0648300107187614	100	6.483001071876146	23.0	100.0
pop_B	chr2L	19701	19800	0.0761047951915895	100	7.610479519158954	27.0	100.0
pop_A	chr2L	19801	19900	0.0479178340095193	100	4.791783400951934	17.0	100.0
pop_B	chr2L	19801	19900	0.0620113146005544	100	6.201131460055444	22.0	100.0
pop_A	chr2L	19901	20000	0.0719055132195668	98	7.04674029551755	25.0	98.0
pop_B	chr2L	19901	20000	0.0690292926907841	98	6.764870683696848	24.0	98.0
pop_A	chr2L	20001	20100	0.0626376915157115	99	6.201131460055444	22.0	99.0
pop_B	chr2L	20001	20100	0.0740263627003863	99	7.328609907338252	26.0	99.0
pop_B	chr2L	20101	20200	0.0493998288757931	97	4.791783400951934	17.0	97.0
pop_A	chr2L	20101	20200	0.0377763397285476	97	3.664304953669126	13.0	97.0
pop_A	chr2L	20201	20300	0.0597905237195428	99	5.919261848234742	21.0	99.0
pop_B	chr2L	20201	20300	0.0540961881272054	99	5.355522624593338	19.0	99.0
pop_A	chr2L	20301	20400	0.0512490203310367	99	5.073653012772636	18.0	99.0
pop_B	chr2L	20301	20400	0.0654848593118802	99	6.483001071876146	23.0	99.0
pop_A	chr2L	20401	20500	0.0488957489893054	98	4.791783400951934	17.0	98.0
pop_B	chr2L	20401	20500	0.0632768516332188	98	6.201131460055444	22.0	98.0
pop_A	chr2L	20501	20600	0.0575244105756534	98	5.63739223641404	20.0	98.0
pop_B	chr2L	20501	20600	0.0632768516332188	98	6.201131460055444	22.0	98.0
pop_A	chr2L	20601	20700	0.0460195284605227	98	4.509913789131232	16.0	98.0
pop_B	chr2L	20601	20700	0.0575244105756534	98	5.63739223641404	20.0	98.0
pop_A	chr2L	20701	20800	0.0597905237195428	99	5.919261848234742	21.0	99.0
pop_B	chr2L	20701	20800	0.0683320271080489	99	6.764870683696848	24.0	99.0
pop_B	chr2L	20801	20900	0.0776579542771321	98	7.610479519158954	27.0	98.0
pop_A	chr2L	20801	20900	0.0488957489893054	98	4.791783400951934	17.0	98.0
pop_B	chr2L	20901	21000	0.0597905237195428	99	5.919261848234742	21.0	99.0
pop_A	chr2L	20901	21000	0.0398603491463618	99	3.946174565489828	14.0	99.0
pop_A	chr2L	21001	21100	0.04314330793174	98	4.2280441773105295	15.0	98.0
pop_B	chr2L	21001	21100	0.0488957489893054	98	4.791783400951934	17.0	98.0
pop_A	chr2L	21101	21200	0.0427075169425306	99	4.2280441773105295	15.0	99.0
pop_B	chr2L	21101	21200	0.0626376915157115	99	6.201131460055444	22.0	99.0
pop_A	chr2L	21201	21300	0.0817421874280035	100	8.174218742800358	29.0	100.0
pop_B	chr2L	21201	21300	0.0817421874280035	100	8.174218742800358	29.0	100.0
pop_A	chr2L	21301	21400	0.0493998288757931	97	4.791783400951934	17.0	97.0
pop_B	chr2L	21301	21400	0.0523057011626044	97	5.073653012772636	18.0	97.0
pop_A	chr2L	21401	21500	0.0755526794570953	97	7.328609907338252	26.0	97.0
pop_B	chr2L	21401	21500	0.0784585517439067	97	7.610479519158954	27.0	97.0
pop_A	chr2L	21501	21600	0.0546481900468707	98	5.355522624593338	19.0	98.0
pop_B	chr2L	21501	21600	0.0632768516332188	98	6.201131460055444	22.0	98.0
pop_B	chr2L	21601	21700	0.0648300107187614	100	6.483001071876146	23.0	100.0
pop_A	chr2L	21601	21700	0.0507365301277263	100	5.073653012772636	18.0	100.0
pop_B	chr2L	21701	21800	0.0755526794570953	97	7.328609907338252	26.0	97.0
pop_A	chr2L	21701	21800	0.0552115734494158	97	5.355522624593338	19.0	97.0
pop_A	chr2L	21801	21900	0.0230097642302613	98	2.254956894565616	8.0	98.0
pop_B	chr2L	21801	21900	0.034514646345392	98	3.382435341848424	12.0	98.0
pop_A	chr2L	21901	22000	0.0398603491463618	99	3.946174565489828	14.0	99.0
pop_B	chr2L	21901	22000	0.0597905237195428	99	5.919261848234742	21.0	99.0
pop_A	chr2L	22001	22100	0.0546481900468707	98	5.355522624593338	19.0	98.0
pop_B	chr2L	22001	22100	0.0632768516332188	98	6.201131460055444	22.0	98.0
pop_A	chr2L	22101	22200	0.0626376915157115	99	6.201131460055444	22.0	99.0
pop_B	chr2L	22101	22200	0.0711791949042176	99	7.04674029551755	25.0	99.0
pop_A	chr2L	22201	22300	0.048401852534868	99	4.791783400951934	17.0	99.0
pop_B	chr2L	22201	22300	0.0512490203310367	99	5.073653012772636	18.0	99.0
pop_A	chr2L	22301	22400	0.0797206982927237	99	7.892349130979655	28.0	99.0
pop_B	chr2L	22301	22400	0.0882622016812299	99	8.737957966441762	31.0	99.0
pop_B	chr2L	22401	22500	0.0683320271080489	99	6.764870683696848	24.0	99.0
pop_A	chr2L	22401	22500	0.048401852534868	99	4.791783400951934	17.0	99.0
pop_A	chr2L	22501	22600	0.0661530721620014	98	6.483001071876146	23.0	98.0
pop_B	chr2L	22501	22600	0.0862866158634801	98	8.456088354621059	30.0	98.0
pop_A	chr2L	22601	22700	0.0411059850571857	96	3.946174565489828	14.0	96.0
pop_B	chr2L	22601	22700	0.0557866940061806	96	5.355522624593338	19.0	96.0
pop_A	chr2L	22701	22800	0.0569433559233741	99	5.63739223641404	20.0	99.0
pop_B	chr2L	22701	22800	0.0569433559233741	99	5.63739223641404	20.0	99.0
pop_A	chr2L	22801	22900	0.0253682650638631	100	2.536826506386318	9.0	100.0
pop_B	chr2L	22801	22900	0.0563739223641404	100	5.63739223641404	20.0	100.0
pop_A	chr2L	22901	23000	0.0493998288757931	97	4.791783400951934	17.0	97.0
pop_B	chr2L	22901	23000	0.0639291903098499	97	6.201131460055444	22.0	97.0
pop_A	chr2L	23001	23100	0.04314330793174	98	4.2280441773105295	15.0	98.0
pop_B	chr2L	23001	23100	0.0632768516332188	98	6.201131460055444	22.0	98.0
pop_A	chr2L	23101	23200	0.0370131813501931	99	3.664304953669126	13.0	99.0
pop_B	chr2L	23101	23200	0.0512490203310367	99	5.073653012772636	18.0	99.0
pop_B	chr2L	23201	23300	0.0464939565889817	97	4.509913789131232	16.0	97.0
pop_A	chr2L	23201	23300	0.0464939565889817	97	4.509913789131232	16.0	97.0
pop_A	chr2L	23301	23400	0.0394617456548982	100	3.946174565489828	14.0	100.0
pop_B	chr2L	23301	23400	0.0450991378913123	100	4.509913789131232	16.0	100.0
pop_A	chr2L	23401	23500	0.0597905237195428	99	5.919261848234742	21.0	99.0
pop_B	chr2L	23401	23500	0.0597905237195428	99	5.919261848234742	21.0	99.0
pop_A	chr2L	23501	23600	0.0528505522163816	96	5.073653012772636	18.0	96.0
pop_B	chr2L	23501	23600	0.0616589775857785	96	5.919261848234742	21.0	96.0
pop_A	chr2L	23601	23700	0.0675312611653765	96	6.483001071876146	23.0	96.0
pop_B	chr2L	23601	23700	0.0763396865347734	96	7.328609907338252	26.0	96.0
pop_A	chr2L	23701	23800	0.0370131813501931	99	3.664304953669126	13.0	99.0
pop_B	chr2L	23701	23800	0.0370131813501931	99	3.664304953669126	13.0	99.0
pop_A	chr2L	23801	23900	0.0435880843021704	97	4.2280441773105295	15.0	97.0
pop_B	chr2L	23801	23900	0.0610233180230385	97	5.919261848234742	21.0	97.0
pop_B	chr2L	23901	24000	0.0604006311044361	98	5.919261848234742	21.0	98.0
pop_A	chr2L	23901	24000	0.0488957489893054	98	4.791783400951934	17.0	98.0
pop_B	chr2L	24001	24100	0.0697409348834726	97	6.764870683696848	24.0	97.0
pop_A	chr2L	24001	24100	0.0581174457362272	97	5.63739223641404	20.0	97.0
pop_A	chr2L	24101	24200	0.0227773423693496	99	2.254956894565616	8.0	99.0
pop_B	chr2L	24101	24200	0.0313188457578557	99	3.100565730027722	11.0	99.0
pop_A	chr2L	24201	24300	0.0370131813501931	99	3.664304953669126	13.0	99.0
pop_B	chr2L	24201	24300	0.0455546847386993	99	4.509913789131232	16.0	99.0
pop_A	chr2L	24301	24400	0.0632768516332188	98	6.201131460055444	22.0	98.0
pop_B	chr2L	24301	24400	0.0604006311044361	98	5.919261848234742	21.0	98.0
pop_A	chr2L	24401	24500	0.0569433559233741	99	5.63739223641404	20.0	99.0
pop_B	chr2L	24401	24500	0.0711791949042176	99	7.04674029551755	25.0	99.0
pop_A	chr2L	24501	24600	0.048401852534868	99	4.791783400951934	17.0	99.0
pop_B	chr2L	24501	24600	0.0654848593118802	99	6.483001071876146	23.0	99.0
pop_A	chr2L	24601	24700	0.0569433559233741	99	5.63739223641404	20.0	99.0
pop_B	chr2L	24601	24700	0.0683320271080489	99	6.764870683696848	24.0	99.0
pop_A	chr2L	24701	24800	0.0747817337483495	98	7.328609907338252	26.0	98.0
pop_B	chr2L	24701	24800	0.0862866158634801	98	8.456088354621059	30.0	98.0
pop_A	chr2L	24801	24900	0.0683320271080489	99	6.764870683696848	24.0	99.0
pop_B	chr2L	24801	24900	0.0654848593118802	99	6.483001071876146	23.0	99.0
pop_B	chr2L	24901	25000	0.0581174457362272	97	5.63739223641404	20.0	97.0
pop_A	chr2L	24901	25000	0.0697409348834726	97	6.764870683696848	24.0	97.0
pop_A	chr2L	25001	25100	0.0499144104265826	96	4.791783400951934	17.0	96.0
pop_B	chr2L	25001	25100	0.0616589775857785	96	5.919261848234742	21.0	96.0
pop_A	chr2L	25101	25200	0.0479178340095193	100	4.791783400951934	17.0	100.0
pop_B	chr2L	25101	25200	0.0620113146005544	100	6.201131460055444	22.0	100.0
pop_A	chr2L	25201	25300	0.0460195284605227	98	4.509913789131232	16.0	98.0
pop_B	chr2L	25201	25300	0.04314330793174	98	4.2280441773105295	15.0	98.0
pop_A	chr2L	25301	25400	0.048401852534868	99	4.791783400951934	17.0	99.0
pop_B	chr2L	25301	25400	0.0540961881272054	99	5.355522624593338	19.0	99.0
pop_A	chr2L	25401	25500	0.0512490203310367	99	5.073653012772636	18.0	99.0
pop_B	chr2L	25401	25500	0.0569433559233741	99	5.63739223641404	20.0	99.0
pop_A	chr2L	25501	25600	0.0540961881272054	99	5.355522624593338	19.0	99.0
pop_B	chr2L	25501	25600	0.0654848593118802	99	6.483001071876146	23.0	99.0
pop_B	chr2L	25601	25700	0.0620113146005544	100	6.201131460055444	22.0	100.0
pop_A	chr2L	25601	25700	0.0507365301277263	100	5.073653012772636	18.0	100.0
pop_A	chr2L	25701	25800	0.0569433559233741	99	5.63739223641404	20.0	99.0
pop_B	chr2L	25701	25800	0.0569433559233741	99	5.63739223641404	20.0	99.0
pop_A	chr2L	25801	25900	0.0488957489893054	98	4.791783400951934	17.0	98.0
pop_B	chr2L	25801	25900	0.0604006311044361	98	5.919261848234742	21.0	98.0
pop_A	chr2L	25901	26000	0.0455546847386993	99	4.509913789131232	16.0	99.0
pop_B	chr2L	25901	26000	0.0683320271080489	99	6.764870683696848	24.0	99.0
pop_A	chr2L	26001	26100	0.0512490203310367	99	5.073653012772636	18.0	99.0
pop_B	chr2L	26001	26100	0.0654848593118802	99	6.483001071876146	23.0	99.0
pop_A	chr2L	26101	26200	0.0377763397285476	97	3.664304953669126	13.0	97.0
pop_B	chr2L	26101	26200	0.0464939565889817	97	4.509913789131232	16.0	97.0
pop_A	chr2L	26201	26300	0.0597905237195428	99	5.919261848234742	21.0	99.0
pop_B	chr2L	26201	26300	0.0626376915157115	99	6.201131460055444	22.0	99.0
pop_A	chr2L	26301	26400	0.0348704674417363	97	3.382435341848424	12.0	97.0
pop_B	chr2L	26301	26400	0.0552115734494158	97	5.355522624593338	19.0	97.0
pop_B	chr2L	26401	26500	0.0704674029551754	100	7.04674029551755	25.0	100.0
pop_A	chr2L	26401	26500	0.0507365301277263	100	5.073653012772636	18.0	100.0
pop_A	chr2L	26501	26600	0.0488957489893054	98	4.791783400951934	17.0	98.0
pop_B	chr2L	26501	26600	0.0546481900468707	98	5.355522624593338	19.0	98.0
pop_A	chr2L	26601	26700	0.0464939565889817	97	4.509913789131232	16.0	97.0
pop_B	chr2L	26601	26700	0.0523057011626044	97	5.073653012772636	18.0	97.0
pop_A	chr2L	26701	26800	0.0682421165460646	95	6.483001071876146	23.0	95.0
pop_B	chr2L	26701	26800	0.0860444078189511	95	8.174218742800358	29.0	95.0
pop_A	chr2L	26801	26900	0.0422804417731053	100	4.2280441773105295	15.0	100.0
pop_B	chr2L	26801	26900	0.0507365301277263	100	5.073653012772636	18.0	100.0
pop_A	chr2L	26901	27000	0.0450991378913123	100	4.509913789131232	16.0	100.0
pop_B	chr2L	26901	27000	0.0507365301277263	100	5.073653012772636	18.0	100.0
pop_A	chr2L	27001	27100	0.0654848593118802	99	6.483001071876146	23.0	99.0
pop_B	chr2L	27001	27100	0.076873530496555	99	7.610479519158954	27.0	99.0
pop_B	chr2L	27101	27200	0.0711791949042176	99	7.04674029551755	25.0	99.0
pop_A	chr2L	27101	27200	0.0512490203310367	99	5.073653012772636	18.0	99.0
pop_B	chr2L	27201	27300	0.0639291903098499	97	6.201131460055444	22.0	97.0
pop_A	chr2L	27201	27300	0.0552115734494158	97	5.355522624593338	19.0	97.0
pop_A	chr2L	27301	27400	0.0373908668741747	98	3.664304953669126	13.0	98.0
pop_B	chr2L	27301	27400	0.0460195284605227	98	4.509913789131232	16.0	98.0
pop_A	chr2L	27401	27500	0.0507365301277263	100	5.073653012772636	18.0	100.0
pop_B	chr2L	27401	27500	0.0648300107187614	100	6.483001071876146	23.0	100.0
pop_A	chr2L	27501	27600	0.0569433559233741	99	5.63739223641404	20.0	99.0
pop_B	chr2L	27501	27600	0.0569433559233741	99	5.63739223641404	20.0	99.0
pop_A	chr2L	27601	27700	0.0626376915157115	99	6.201131460055444	22.0	99.0
pop_B	chr2L	27601	27700	0.0654848593118802	99	6.483001071876146	23.0	99.0
pop_A	chr2L	27701	27800	0.0517719695180881	98	5.073653012772636	18.0	98.0
pop_B	chr2L	27701	27800	0.0632768516332188	98	6.201131460055444	22.0	98.0
pop_A	chr2L	27801	27900	0.0668350625966612	97	6.483001071876146	23.0	97.0
pop_B	chr2L	27801	27900	0.0697409348834726	97	6.764870683696848	24.0	97.0
pop_B	chr2L	27901	28000	0.0654848593118802	99	6.483001071876146	23.0	99.0
pop_A	chr2L	27901	28000	0.048401852534868	99	4.791783400951934	17.0	99.0
pop_B	chr2L	28001	28100	0.0648300107187614	100	6.483001071876146	23.0	100.0
pop_A	chr2L	28001	28100	0.0535552262459333	100	5.355522624593338	19.0	100.0
pop_A	chr2L	28101	28200	0.0341660135540244	99	3.382435341848424	12.0	99.0
pop_B	chr2L	28101	28200	0.0540961881272054	99	5.355522624593338	19.0	99.0
pop_A	chr2L	28201	28300	0.0632768516332188	98	6.201131460055444	22.0	98.0
pop_B	chr2L	28201	28300	0.0977914979786108	98	9.583566801903867	34.0	98.0
pop_A	chr2L	28301	28400	0.048401852534868	99	4.791783400951934	17.0	99.0
pop_B	chr2L	28301	28400	0.0654848593118802	99	6.483001071876146	23.0	99.0
pop_A	chr2L	28401	28500	0.0517719695180881	98	5.073653012772636	18.0	98.0
pop_B	chr2L	28401	28500	0.0661530721620014	98	6.483001071876146	23.0	98.0
pop_A	chr2L	28501	28600	0.0427075169425306	99	4.2280441773105295	15.0	99.0
pop_B	chr2L	28501	28600	0.048401852534868	99	4.791783400951934	17.0	99.0
pop_A	chr2L	28601	28700	0.0523057011626044	97	5.073653012772636	18.0	97.0
pop_B	chr2L	28601	28700	0.0464939565889817	97	4.509913789131232	16.0	97.0
pop_B	chr2L	28701	28800	0.0557866940061806	96	5.355522624593338	19.0	96.0
pop_A	chr2L	28701	28800	0.0499144104265826	96	4.791783400951934	17.0	96.0
pop_A	chr2L	28801	28900	0.0499144104265826	96	4.791783400951934	17.0	96.0
pop_B	chr2L	28801	28900	0.0734035447449744	96	7.04674029551755	25.0	96.0
pop_A	chr2L	28901	29000	0.0402670874029574	98	3.946174565489828	14.0	98.0
pop_B	chr2L	28901	29000	0.0517719695180881	98	5.073653012772636	18.0	98.0
pop_A	chr2L	29001	29100	0.0597905237195428	99	5.919261848234742	21.0	99.0
pop_B	chr2L	29001	29100	0.0683320271080489	99	6.764870683696848	24.0	99.0
pop_A	chr2L	29101	29200	0.0402670874029574	98	3.946174565489828	14.0	98.0
pop_B	chr2L	29101	29200	0.04314330793174	98	4.2280441773105295	15.0	98.0
pop_A	chr2L	29201	29300	0.0363702724929938	93	3.382435341848424	12.0	93.0
pop_B	chr2L	29201	29300	0.0454628406162422	93	4.2280441773105295	15.0	93.0
pop_A	chr2L	29301	29400	0.0427075169425306	99	4.2280441773105295	15.0	99.0
pop_B	chr2L	29301	29400	0.0597905237195428	99	5.919261848234742	21.0	99.0
pop_A	chr2L	29401	29500	0.048401852534868	99	4.791783400951934	17.0	99.0
pop_B	chr2L	29401	29500	0.0626376915157115	99	6.201131460055444	22.0	99.0
pop_B	chr2L	29501	29600	0.0690292926907841	98	6.764870683696848	24.0	98.0
pop_A	chr2L	29501	29600	0.0517719695180881	98	5.073653012772636	18.0	98.0
pop_A	chr2L	29601	29700	0.0563739223641404	100	5.63739223641404	20.0	100.0
pop_B	chr2L	29601	29700	0.0563739223641404	100	5.63739223641404	20.0	100.0
pop_A	chr2L	29701	29800	0.0352337014775877	96	3.382435341848424	12.0	96.0
pop_B	chr2L	29701	29800	0.0411059850571857	96	3.946174565489828	14.0	96.0
pop_A	chr2L	29801	29900	0.0440421268469846	96	4.2280441773105295	15.0	96.0
pop_B	chr2L	29801	29900	0.0616589775857785	96	5.919261848234742	21.0	96.0
pop_A	chr2L	29901	30000	0.0683320271080489	99	6.764870683696848	24.0	99.0
pop_B	chr2L	29901	30000	0.0797206982927237	99	7.892349130979655	28.0	99.0
pop_A	chr2L	30001	30100	0.0610233180230385	97	5.919261848234742	21.0	97.0
pop_B	chr2L	30001	30100	0.0784585517439067	97	7.610479519158954	27.0	97.0
pop_A	chr2L	30101	30200	0.040682212015359	97	3.946174565489828	14.0	97.0
pop_B	chr2L	30101	30200	0.0435880843021704	97	4.2280441773105295	15.0	97.0
pop_B	chr2L	30201	30300	0.0719055132195668	98	7.04674029551755	25.0	98.0
pop_A	chr2L	30201	30300	0.0604006311044361	98	5.919261848234742	21.0	98.0
pop_B	chr2L	30301	30400	0.0761047951915895	100	7.610479519158954	27.0	100.0
pop_A	chr2L	30301	30400	0.0648300107187614	100	6.483001071876146	23.0	100.0
pop_A	chr2L	30401	30500	0.0569433559233741	99	5.63739223641404	20.0	99.0
pop_B	chr2L	30401	30500	0.0797206982927237	99	7.892349130979655	28.0	99.0
pop_A	chr2L	30501	30600	0.0394617456548982	100	3.946174565489828	14.0	100.0
pop_B	chr2L	30501	30600	0.0366430495366912	100	3.664304953669126	13.0	100.0
pop_A	chr2L	30601	30700	0.0435880843021704	97	4.2280441773105295	15.0	97.0
pop_B	chr2L	30601	30700	0.0668350625966612	97	6.483001071876146	23.0	97.0
pop_A	chr2L	30701	30800	0.0460195284605227	98	4.509913789131232	16.0	98.0
pop_B	chr2L	30701	30800	0.0661530721620014	98	6.483001071876146	23.0	98.0
pop_A	chr2L	30801	30900	0.0616589775857785	96	5.919261848234742	21.0	96.0
pop_B	chr2L	30801	30900	0.0763396865347734	96	7.328609907338252	26.0	96.0
pop_A	chr2L	30901	31000	0.0597905237195428	99	5.919261848234742	21.0	99.0
pop_B	chr2L	30901	31000	0.0683320271080489	99	6.764870683696848	24.0	99.0
pop_A	chr2L	31001	31100	0.0348704674417363	97	3.382435341848424	12.0	97.0
pop_B	chr2L	31001	31100	0.0523057011626044	97	5.073653012772636	18.0	97.0
pop_B	chr2L	31101	31200	0.0581174457362272	97	5.63739223641404	20.0	97.0
pop_A	chr2L	31101	31200	0.0493998288757931	97	4.791783400951934	17.0	97.0
pop_A	chr2L	31201	31300	0.0411059850571857	96	3.946174565489828	14.0	96.0
pop_B	chr2L	31201	31300	0.0469782686367836	96	4.509913789131232	16.0	96.0
pop_A	chr2L	31301	31400	0.0440421268469846	96	4.2280441773105295	15.0	96.0
pop_B	chr2L	31301	31400	0.0528505522163816	96	5.073653012772636	18.0	96.0
pop_A	chr2L	31401	31500	0.0455546847386993	99	4.509913789131232	16.0	99.0
pop_B	chr2L	31401	31500	0.0626376915157115	99	6.201131460055444	22.0	99.0
pop_A	chr2L	31501	31600	0.0499144104265826	96	4.791783400951934	17.0	96.0
pop_B	chr2L	31501	31600	0.0587228357959795	96	5.63739223641404	20.0	96.0
pop_A	chr2L	31601	31700	0.0464939565889817	97	4.509913789131232	16.0	97.0
pop_B	chr2L	31601	31700	0.0552115734494158	97	5.355522624593338	19.0	97.0
pop_A	chr2L	31701	31800	0.04314330793174	98	4.2280441773105295	15.0	98.0
pop_B	chr2L	31701	31800	0.0488957489893054	98	4.791783400951934	17.0	98.0
pop_B	chr2L	31801	31900	0.0597905237195428	99	5.919261848234742	21.0	99.0
pop_A	chr2L	31801	31900	0.0512490203310367	99	5.073653012772636	18.0	99.0
pop_A	chr2L	31901	32000	0.0523057011626044	97	5.073653012772636	18.0	97.0
pop_B	chr2L	31901	32000	0.0639291903098499	97	6.201131460055444	22.0	97.0
pop_A	chr2L	32001	32100	0.0455546847386993	99	4.509913789131232	16.0	99.0
pop_B	chr2L	32001	32100	0.0512490203310367	99	5.073653012772636	18.0	99.0
pop_A	chr2L	32101	32200	0.0645951193755775	96	6.201131460055444	22.0	96.0
pop_B	chr2L	32101	32200	0.0792758283245724	96	7.610479519158954	27.0	96.0
pop_A	chr2L	32201	32300	0.0427075169425306	99	4.2280441773105295	15.0	99.0
pop_B	chr2L	32201	32300	0.0540961881272054	99	5.355522624593338	19.0	99.0
pop_A	chr2L	32301	32400	0.0493998288757931	97	4.791783400951934	17.0	97.0
pop_B	chr2L	32301	32400	0.0697409348834726	97	6.764870683696848	24.0	97.0
pop_A	chr2L	32401	32500	0.040682212015359	97	3.946174565489828	14.0	97.0
pop_B	chr2L	32401	32500	0.0523057011626044	97	5.073653012772636	18.0	97.0
pop_A	chr2L	32501	32600	0.0287622052878267	98	2.81869611820702	10.0	98.0
pop_B	chr2L	32501	32600	0.0488957489893054	98	4.791783400951934	17.0	98.0
pop_B	chr2L	32601	32700	0.0512490203310367	99	5.073653012772636	18.0	99.0
pop_A	chr2L	32601	32700	0.0455546847386993	99	4.509913789131232	16.0	99.0
pop_A	chr2L	32701	32800	0.0552115734494158	97	5.355522624593338	19.0	97.0
pop_B	chr2L	32701	32800	0.0668350625966612	97	6.483001071876146	23.0	97.0
pop_A	chr2L	32801	32900	0.072646807170284	97	7.04674029551755	25.0	97.0
pop_B	chr2L	32801	32900	0.0581174457362272	97	5.63739223641404	20.0	97.0
pop_A	chr2L	32901	33000	0.0398603491463618	99	3.946174565489828	14.0	99.0
pop_B	chr2L	32901	33000	0.048401852534868	99	4.791783400951934	17.0	99.0
pop_A	chr2L	33001	33100	0.0610233180230385	97	5.919261848234742	21.0	97.0
pop_B	chr2L	33001	33100	0.0610233180230385	97	5.919261848234742	21.0	97.0
pop_A	chr2L	33101	33200	0.0464939565889817	97	4.509913789131232	16.0	97.0
pop_B	chr2L	33101	33200	0.0610233180230385	97	5.919261848234742	21.0	97.0
pop_A	chr2L	33201	33300	0.048401852534868	99	4.791783400951934	17.0	99.0
pop_B	chr2L	33201	33300	0.0654848593118802	99	6.483001071876146	23.0	99.0
pop_B	chr2L	33301	33400	0.0366430495366912	100	3.664304953669126	13.0	100.0
pop_A	chr2L	33301	33400	0.0394617456548982	100	3.946174565489828	14.0	100.0
pop_B	chr2L	33401	33500	0.0512490203310367	99	5.073653012772636	18.0	99.0
pop_A	chr2L	33401	33500	0.048401852534868	99	4.791783400951934	17.0	99.0
pop_A	chr2L	33501	33600	0.0540961881272054	99	5.355522624593338	19.0	99.0
pop_B	chr2L	33501	33600	0.0626376915157115	99	6.201131460055444	22.0	99.0
pop_A	chr2L	33601	33700	0.0512490203310367	99	5.073653012772636	18.0	99.0
pop_B	chr2L	33601	33700	0.0597905237195428	99	5.919261848234742	21.0	99.0
pop_A	chr2L	33701	33800	0.0597905237195428	99	5.919261848234742	21.0	99.0
pop_B	chr2L	33701	33800	0.0711791949042176	99	7.04674029551755	25.0	99.0
pop_A	chr2L	33801	33900	0.0676487068369684	100	6.764870683696848	24.0	100.0
pop_B	chr2L	33801	33900	0.0704674029551754	100	7.04674029551755	25.0	100.0
pop_A	chr2L	33901	34000	0.0747817337483495	98	7.328609907338252	26.0	98.0
pop_B	chr2L	33901	34000	0.0949152774498282	98	9.301697190083166	33.0	98.0
pop_A	chr2L	34001	34100	0.0569433559233741	99	5.63739223641404	20.0	99.0
pop_B	chr2L	34001	34100	0.0569433559233741	99	5.63739223641404	20.0	99.0
pop_B	chr2L	34101	34200	0.0610233180230385	97	5.919261848234742	21.0	97.0
pop_A	chr2L	34101	34200	0.0493998288757931	97	4.791783400951934	17.0	97.0
pop_B	chr2L	34201	34300	0.0741762136370268	95	7.04674029551755	25.0	95.0
pop_A	chr2L	34201	34300	0.0563739223641404	95	5.355522624593338	19.0	95.0
pop_A	chr2L	34301	34400	0.048401852534868	99	4.791783400951934	17.0	99.0
pop_B	chr2L	34301	34400	0.0626376915157115	99	6.201131460055444	22.0	99.0
pop_A	chr2L	34401	34500	0.0488957489893054	98	4.791783400951934	17.0	98.0
pop_B	chr2L	34401	34500	0.0661530721620014	98	6.483001071876146	23.0	98.0
pop_A	chr2L	34501	34600	0.0575244105756534	98	5.63739223641404	20.0	98.0
pop_B	chr2L	34501	34600	0.0661530721620014	98	6.483001071876146	23.0	98.0
pop_A	chr2L	34601	34700	0.0597905237195428	99	5.919261848234742	21.0	99.0
pop_B	chr2L	34601	34700	0.0626376915157115	99	6.201131460055444	22.0	99.0
pop_A	chr2L	34701	34800	0.0488957489893054	98	4.791783400951934	17.0	98.0
pop_B	chr2L	34701	34800	0.0604006311044361	98	5.919261848234742	21.0	98.0
pop_A	chr2L	34801	34900	0.0528505522163816	96	5.073653012772636	18.0	96.0
pop_B	chr2L	34801	34900	0.0557866940061806	96	5.355522624593338	19.0	96.0
pop_B	chr2L	34901	35000	0.0654848593118802	99	6.483001071876146	23.0	99.0
pop_A	chr2L	34901	35000	0.0569433559233741	99	5.63739223641404	20.0	99.0
pop_A	chr2L	35001	35100	0.025885984759044	98	2.536826506386318	9.0	98.0
pop_B	chr2L	35001	35100	0.0402670874029574	98	3.946174565489828	14.0	98.0
pop_A	chr2L	35101	35200	0.0575244105756534	98	5.63739223641404	20.0	98.0
pop_B	chr2L	35101	35200	0.0546481900468707	98	5.355522624593338	19.0	98.0
pop_A	chr2L	35201	35300	0.0427075169425306	99	4.2280441773105295	15.0	99.0
pop_B	chr2L	35201	35300	0.0540961881272054	99	5.355522624593338	19.0	99.0
pop_A	chr2L	35301	35400	0.04314330793174	98	4.2280441773105295	15.0	98.0
pop_B	chr2L	35301	35400	0.0517719695180881	98	5.073653012772636	18.0	98.0
pop_A	chr2L	35401	35500	0.0381698432673867	96	3.664304953669126	13.0	96.0
pop_B	chr2L	35401	35500	0.0469782686367836	96	4.509913789131232	16.0	96.0
pop_A	chr2L	35501	35600	0.0460195284605227	98	4.509913789131232	16.0	98.0
pop_B	chr2L	35501	35600	0.0661530721620014	98	6.483001071876146	23.0	98.0
pop_A	chr2L	35601	35700	0.0455546847386993	99	4.509913789131232	16.0	99.0
pop_B	chr2L	35601	35700	0.048401852534868	99	4.791783400951934	17.0	99.0
pop_B	chr2L	35701	35800	0.0648300107187614	100	6.483001071876146	23.0	100.0
pop_A	chr2L	35701	35800	0.0535552262459333	100	5.355522624593338	19.0	100.0
pop_A	chr2L	35801	35900	0.0440421268469846	96	4.2280441773105295	15.0	96.0
pop_B	chr2L	35801	35900	0.0704674029551754	96	6.764870683696848	24.0	96.0
pop_A	chr2L	35901	36000	0.0597905237195428	99	5.919261848234742	21.0	99.0
pop_B	chr2L	35901	36000	0.0626376915157115	99	6.201131460055444	22.0	99.0
pop_A	chr2L	36001	36100	0.0711791949042176	99	7.04674029551755	25.0	99.0
pop_B	chr2L	36001	36100	0.076873530496555	99	7.610479519158954	27.0	99.0
pop_A	chr2L	36101	36200	0.0373908668741747	98	3.664304953669126	13.0	98.0
pop_B	chr2L	36101	36200	0.034514646345392	98	3.382435341848424	12.0	98.0
pop_A	chr2L	36201	36300	0.0427075169425306	99	4.2280441773105295	15.0	99.0
pop_B	chr2L	36201	36300	0.0597905237195428	99	5.919261848234742	21.0	99.0
pop_A	chr2L	36301	36400	0.0512490203310367	99	5.073653012772636	18.0	99.0
pop_B	chr2L	36301	36400	0.0626376915157115	99	6.201131460055444	22.0	99.0
pop_B	chr2L	36401	36500	0.0499144104265826	96	4.791783400951934	17.0	96.0
pop_A	chr2L	36401	36500	0.0381698432673867	96	3.664304953669126	13.0	96.0
pop_B	chr2L	36501	36600	0.0747817337483495	98	7.328609907338252	26.0	98.0
pop_A	chr2L	36501	36600	0.04314330793174	98	4.2280441773105295	15.0	98.0
pop_A	chr2L	36601	36700	0.0370131813501931	99	3.664304953669126	13.0	99.0
pop_B	chr2L	36601	36700	0.0540961881272054	99	5.355522624593338	19.0	99.0
pop_A	chr2L	36701	36800	0.0632768516332188	98	6.201131460055444	22.0	98.0
pop_B	chr2L	36701	36800	0.0690292926907841	98	6.764870683696848	24.0	98.0
pop_A	chr2L	36801	36900	0.0575244105756534	98	5.63739223641404	20.0	98.0
pop_B	chr2L	36801	36900	0.0632768516332188	98	6.201131460055444	22.0	98.0
pop_A	chr2L	36901	37000	0.0411059850571857	96	3.946174565489828	14.0	96.0
pop_B	chr2L	36901	37000	0.0528505522163816	96	5.073653012772636	18.0	96.0
pop_A	chr2L	37001	37100	0.0654848593118802	99	6.483001071876146	23.0	99.0
pop_B	chr2L	37001	37100	0.0711791949042176	99	7.04674029551755	25.0	99.0
pop_A	chr2L	37101	37200	0.0569433559233741	99	5.63739223641404	20.0	99.0
pop_B	chr2L	37101	37200	0.0654848593118802	99	6.483001071876146	23.0	99.0
pop_A	chr2L	37201	37300	0.0517719695180881	98	5.073653012772636	18.0	98.0
pop_B	chr2L	37201	37300	0.0747817337483495	98	7.328609907338252	26.0	98.0
pop_B	chr2L	37301	37400	0.0370131813501931	99	3.664304953669126	13.0	99.0
pop_A	chr2L	37301	37400	0.0427075169425306	99	4.2280441773105295	15.0	99.0
pop_B	chr2L	37401	37500	0.0435880843021704	97	4.2280441773105295	15.0	97.0
pop_A	chr2L	37401	37500	0.0493998288757931	97	4.791783400951934	17.0	97.0
pop_A	chr2L	37501	37600	0.0455546847386993	99	4.509913789131232	16.0	99.0
pop_B	chr2L	37501	37600	0.0797206982927237	99	7.892349130979655	28.0	99.0
pop_A	chr2L	37601	37700	0.0546481900468707	98	5.355522624593338	19.0	98.0
pop_B	chr2L	37601	37700	0.0632768516332188	98	6.201131460055444	22.0	98.0
pop_A	chr2L	37701	37800	0.048401852534868	99	4.791783400951934	17.0	99.0
pop_B	chr2L	37701	37800	0.0597905237195428	99	5.919261848234742	21.0	99.0
pop_A	chr2L	37801	37900	0.0755526794570953	97	7.328609907338252	26.0	97.0
pop_B	chr2L	37801	37900	0.072646807170284	97	7.04674029551755	25.0	97.0
pop_A	chr2L	37901	38000	0.0377763397285476	97	3.664304953669126	13.0	97.0
pop_B	chr2L	37901	38000	0.0552115734494158	97	5.355522624593338	19.0	97.0
pop_A	chr2L	38001	38100	0.0422804417731053	100	4.2280441773105295	15.0	100.0
pop_B	chr2L	38001	38100	0.0563739223641404	100	5.63739223641404	20.0	100.0
pop_A	chr2L	38101	38200	0.0639291903098499	97	6.201131460055444	22.0	97.0
pop_B	chr2L	38101	38200	0.0610233180230385	97	5.919261848234742	21.0	97.0
pop_B	chr2L	38201	38300	0.0552115734494158	97	5.355522624593338	19.0	97.0
pop_A	chr2L	38201	38300	0.0552115734494158	97	5.355522624593338	19.0	97.0
pop_A	chr2L	38301	38400	0.0597905237195428	99	5.919261848234742	21.0	99.0
pop_B	chr2L	38301	38400	0.0654848593118802	99	6.483001071876146	23.0	99.0
pop_A	chr2L	38401	38500	0.0370131813501931	99	3.664304953669126	13.0	99.0
pop_B	chr2L	38401	38500	0.0455546847386993	99	4.509913789131232	16.0	99.0
pop_A	chr2L	38501	38600	0.0591926184823474	100	5.919261848234742	21.0	100.0
pop_B	chr2L	38501	38600	0.0648300107187614	100	6.483001071876146	23.0	100.0
pop_A	chr2L	38601	38700	0.040682212015359	97	3.946174565489828	14.0	97.0
pop_B	chr2L	38601	38700	0.0523057011626044	97	5.073653012772636	18.0	97.0
pop_A	chr2L	38701	38800	0.0341660135540244	99	3.382435341848424	12.0	99.0
pop_B	chr2L	38701	38800	0.0711791949042176	99	7.04674029551755	25.0	99.0
pop_A	chr2L	38801	38900	0.0540961881272054	99	5.355522624593338	19.0	99.0
pop_B	chr2L	38801	38900	0.0626376915157115	99	6.201131460055444	22.0	99.0
pop_B	chr2L	38901	39000	0.0348704674417363	97	3.382435341848424	12.0	97.0
pop_A	chr2L	38901	39000	0.0261528505813022	97	2.536826506386318	9.0	97.0
pop_B	chr2L	39001	39100	0.0668350625966612	97	6.483001071876146	23.0	97.0
pop_A	chr2L	39001	39100	0.0377763397285476	97	3.664304953669126	13.0	97.0
pop_A	chr2L	39101	39200	0.0534068738186593	95	5.073653012772636	18.0	95.0
pop_B	chr2L	39101	39200	0.0593409709096214	95	5.63739223641404	20.0	95.0
pop_A	chr2L	39201	39300	0.0626376915157115	99	6.201131460055444	22.0	99.0
pop_B	chr2L	39201	39300	0.076873530496555	99	7.610479519158954	27.0	99.0
pop_A	chr2L	39301	39400	0.0488957489893054	98	4.791783400951934	17.0	98.0
pop_B	chr2L	39301	39400	0.0690292926907841	98	6.764870683696848	24.0	98.0
pop_A	chr2L	39401	39500	0.0488957489893054	98	4.791783400951934	17.0	98.0
pop_B	chr2L	39401	39500	0.0690292926907841	98	6.764870683696848	24.0	98.0
pop_A	chr2L	39501	39600	0.0517719695180881	98	5.073653012772636	18.0	98.0
pop_B	chr2L	39501	39600	0.0488957489893054	98	4.791783400951934	17.0	98.0
pop_A	chr2L	39601	39700	0.0512490203310367	99	5.073653012772636	18.0	99.0
pop_B	chr2L	39601	39700	0.0654848593118802	99	6.483001071876146	23.0	99.0
pop_A	chr2L	39701	39800	0.0604006311044361	98	5.919261848234742	21.0	98.0
pop_B	chr2L	39701	39800	0.0632768516332188	98	6.201131460055444	22.0	98.0
pop_B	chr2L	39801	39900	0.0668350625966612	97	6.483001071876146	23.0	97.0
pop_A	chr2L	39801	39900	0.0523057011626044	97	5.073653012772636	18.0	97.0
pop_A	chr2L	39901	40000	0.0623080194551025	95	5.919261848234742	21.0	95.0
pop_B	chr2L	39901	40000	0.0890114563644322	95	8.456088354621059	30.0	95.0
pop_A	chr2L	40001	40100	0.0604006311044361	98	5.919261848234742	21.0	98.0
pop_B	chr2L	40001	40100	0.0661530721620014	98	6.483001071876146	23.0	98.0
pop_A	chr2L	40101	40200	0.041538679636735	95	3.946174565489828	14.0	95.0
pop_B	chr2L	40101	40200	0.0445057281822161	95	4.2280441773105295	15.0	95.0
pop_A	chr2L	40201	40300	0.0540961881272054	99	5.355522624593338	19.0	99.0
pop_B	chr2L	40201	40300	0.0626376915157115	99	6.201131460055444	22.0	99.0
pop_A	chr2L	40301	40400	0.0591926184823474	100	5.919261848234742	21.0	100.0
pop_B	chr2L	40301	40400	0.0648300107187614	100	6.483001071876146	23.0	100.0
pop_A	chr2L	40401	40500	0.0512490203310367	99	5.073653012772636	18.0	99.0
pop_B	chr2L	40401	40500	0.0569433559233741	99	5.63739223641404	20.0	99.0
pop_B	chr2L	40501	40600	0.0719055132195668	98	7.04674029551755	25.0	98.0
pop_A	chr2L	40501	40600	0.0488957489893054	98	4.791783400951934	17.0	98.0
pop_A	chr2L	40601	40700	0.04314330793174	98	4.2280441773105295	15.0	98.0
pop_B	chr2L	40601	40700	0.0546481900468707	98	5.355522624593338	19.0	98.0
pop_A	chr2L	40701	40800	0.0604006311044361	98	5.919261848234742	21.0	98.0
pop_B	chr2L	40701	40800	0.0690292926907841	98	6.764870683696848	24.0	98.0
pop_A	chr2L	40801	40900	0.0488957489893054	98	4.791783400951934	17.0	98.0
pop_B	chr2L	40801	40900	0.0719055132195668	98	7.04674029551755	25.0	98.0
pop_A	chr2L	40901	41000	0.034514646345392	98	3.382435341848424	12.0	98.0
pop_B	chr2L	40901	41000	0.0460195284605227	98	4.509913789131232	16.0	98.0
pop_A	chr2L	41001	41100	0.072646807170284	97	7.04674029551755	25.0	97.0
pop_B	chr2L	41001	41100	0.0784585517439067	97	7.610479519158954	27.0	97.0
pop_A	chr2L	41101	41200	0.0581174457362272	97	5.63739223641404	20.0	97.0
pop_B	chr2L	41101	41200	0.0697409348834726	97	6.764870683696848	24.0	97.0
pop_B	chr2L	41201	41300	0.0488957489893054	98	4.791783400951934	17.0	98.0
pop_A	chr2L	41201	41300	0.0316384258166094	98	3.100565730027722	11.0	98.0
pop_A	chr2L	41301	41400	0.0479178340095193	100	4.791783400951934	17.0	100.0
pop_B	chr2L	41301	41400	0.0535552262459333	100	5.355522624593338	19.0	100.0
pop_A	chr2L	41401	41500	0.0427075169425306	99	4.2280441773105295	15.0	99.0
pop_B	chr2L	41401	41500	0.0597905237195428	99	5.919261848234742	21.0	99.0
pop_A	chr2L	41501	41600	0.0569736449424823	94	5.355522624593338	19.0	94.0
pop_B	chr2L	41501	41600	0.0689680965093207	94	6.483001071876146	23.0	94.0
pop_A	chr2L	41601	41700	0.034514646345392	98	3.382435341848424	12.0	98.0
pop_B	chr2L	41601	41700	0.0604006311044361	98	5.919261848234742	21.0	98.0
pop_A	chr2L	41701	41800	0.0402670874029574	98	3.946174565489828	14.0	98.0
pop_B	chr2L	41701	41800	0.0488957489893054	98	4.791783400951934	17.0	98.0
pop_A	chr2L	41801	41900	0.0616589775857785	96	5.919261848234742	21.0	96.0
pop_B	chr2L	41801	41900	0.0792758283245724	96	7.610479519158954	27.0	96.0
pop_A	chr2L	41901	42000	0.0469782686367836	96	4.509913789131232	16.0	96.0
pop_B	chr2L	41901	42000	0.0469782686367836	96	4.509913789131232	16.0	96.0
pop_B	chr2L	42001	42100	0.048401852534868	99	4.791783400951934	17.0	99.0
pop_A	chr2L	42001	42100	0.0341660135540244	99	3.382435341848424	12.0	99.0
pop_A	chr2L	42101	42200	0.0507365301277263	100	5.073653012772636	18.0	100.0
pop_B	chr2L	42101	42200	0.0676487068369684	100	6.764870683696848	24.0	100.0
pop_A	chr2L	42201	42300	0.0523057011626044	97	5.073653012772636	18.0	97.0
pop_B	chr2L	42201	42300	0.0639291903098499	97	6.201131460055444	22.0	97.0
pop_A	chr2L	42301	42400	0.0546481900468707	98	5.355522624593338	19.0	98.0
pop_B	chr2L	42301	42400	0.0546481900468707	98	5.355522624593338	19.0	98.0
pop_A	chr2L	42401	42500	0.0734035447449744	96	7.04674029551755	25.0	96.0
pop_B	chr2L	42401	42500	0.0910203954837683	96	8.737957966441762	31.0	96.0
pop_A	chr2L	42501	42600	0.0370131813501931	99	3.664304953669126	13.0	99.0
pop_B	chr2L	42501	42600	0.0597905237195428	99	5.919261848234742	21.0	99.0
pop_A	chr2L	42601	42700	0.0264252761081908	96	2.536826506386318	9.0	96.0
pop_B	chr2L	42601	42700	0.0499144104265826	96	4.791783400951934	17.0	96.0
pop_B	chr2L	42701	42800	0.0440421268469846	96	4.2280441773105295	15.0	96.0
pop_A	chr2L	42701	42800	0.0469782686367836	96	4.509913789131232	16.0	96.0
pop_B	chr2L	42801	42900	0.0719667094010303	94	6.764870683696848	24.0	94.0
pop_A	chr2L	42801	42900	0.0479778062673535	94	4.509913789131232	16.0	94.0
pop_A	chr2L	42901	43000	0.034514646345392	98	3.382435341848424	12.0	98.0
pop_B	chr2L	42901	43000	0.034514646345392	98	3.382435341848424	12.0	98.0
pop_A	chr2L	43001	43100	0.0517719695180881	98	5.073653012772636	18.0	98.0
pop_B	chr2L	43001	43100	0.0575244105756534	98	5.63739223641404	20.0	98.0
pop_A	chr2L	43101	43200	0.0370131813501931	99	3.664304953669126	13.0	99.0
pop_B	chr2L	43101	43200	0.0512490203310367	99	5.073653012772636	18.0	99.0
pop_A	chr2L	43201	43300	0.0464939565889817	97	4.509913789131232	16.0	97.0
pop_B	chr2L	43201	43300	0.0610233180230385	97	5.919261848234742	21.0	97.0
pop_A	chr2L	43301	43400	0.0697409348834726	97	6.764870683696848	24.0	97.0
pop_B	chr2L	43301	43400	0.0697409348834726	97	6.764870683696848	24.0	97.0
pop_A	chr2L	43401	43500	0.0587228357959795	96	5.63739223641404	20.0	96.0
pop_B	chr2L	43401	43500	0.0704674029551754	96	6.764870683696848	24.0	96.0
pop_A	chr2L	43501	43600	0.0563739223641404	100	5.63739223641404	20.0	100.0
pop_B	chr2L	43501	43600	0.0817421874280035	100	8.174218742800358	29.0	100.0
pop_B	chr2L	43601	43700	0.0427075169425306	99	4.2280441773105295	15.0	99.0
pop_A	chr2L	43601	43700	0.0398603491463618	99	3.946174565489828	14.0	99.0
pop_A	chr2L	43701	43800	0.0455546847386993	99	4.509913789131232	16.0	99.0
pop_B	chr2L	43701	43800	0.0569433559233741	99	5.63739223641404	20.0	99.0
pop_A	chr2L	43801	43900	0.0652750680005836	95	6.201131460055444	22.0	95.0
pop_B	chr2L	43801	43900	0.0593409709096214	95	5.63739223641404	20.0	95.0
pop_A	chr2L	43901	44000	0.0546481900468707	98	5.355522624593338	19.0	98.0
pop_B	chr2L	43901	44000	0.0632768516332188	98	6.201131460055444	22.0	98.0
pop_A	chr2L	44001	44100	0.0479178340095193	100	4.791783400951934	17.0	100.0
pop_B	chr2L	44001	44100	0.0704674029551754	100	7.04674029551755	25.0	100.0
pop_A	chr2L	44101	44200	0.0488957489893054	98	4.791783400951934	17.0	98.0
pop_B	chr2L	44101	44200	0.04314330793174	98	4.2280441773105295	15.0	98.0
pop_A	chr2L	44201	44300	0.0203411060076795	97	1.9730872827449135	7.0	97.0
pop_B	chr2L	44201	44300	0.0348704674417363	97	3.382435341848424	12.0	97.0
pop_B	chr2L	44301	44400	0.0435880843021704	97	4.2280441773105295	15.0	97.0
pop_A	chr2L	44301	44400	0.0435880843021704	97	4.2280441773105295	15.0	97.0
pop_A	chr2L	44401	44500	0.0523057011626044	97	5.073653012772636	18.0	97.0
pop_B	chr2L	44401	44500	0.0668350625966612	97	6.483001071876146	23.0	97.0
pop_A	chr2L	44501	44600	0.0394617456548982	100	3.946174565489828	14.0	100.0
pop_B	chr2L	44501	44600	0.0676487068369684	100	6.764870683696848	24.0	100.0
pop_A	chr2L	44601	44700	0.0552115734494158	97	5.355522624593338	19.0	97.0
pop_B	chr2L	44601	44700	0.0639291903098499	97	6.201131460055444	22.0	97.0
pop_A	chr2L	44701	44800	0.0591926184823474	100	5.919261848234742	21.0	100.0
pop_B	chr2L	44701	44800	0.0620113146005544	100	6.201131460055444	22.0	100.0
pop_A	chr2L	44801	44900	0.0370131813501931	99	3.664304953669126	13.0	99.0
pop_B	chr2L	44801	44900	0.0540961881272054	99	5.355522624593338	19.0	99.0
pop_A	chr2L	44901	45000	0.0370131813501931	99	3.664304953669126	13.0	99.0
pop_B	chr2L	44901	45000	0.0427075169425306	99	4.2280441773105295	15.0	99.0
pop_A	chr2L	45001	45100	0.0546481900468707	98	5.355522624593338	19.0	98.0
pop_B	chr2L	45001	45100	0.0719055132195668	98	7.04674029551755	25.0	98.0
pop_B	chr2L	45101	45200	0.0488957489893054	98	4.791783400951934	17.0	98.0
pop_A	chr2L	45101	45200	0.034514646345392	98	3.382435341848424	12.0	98.0
pop_A	chr2L	45201	45300	0.0639291903098499	97	6.201131460055444	22.0	97.0
pop_B	chr2L	45201	45300	0.0668350625966612	97	6.483001071876146	23.0	97.0
pop_A	chr2L	45301	45400	0.0479178340095193	100	4.791783400951934	17.0	100.0
pop_B	chr2L	45301	45400	0.0620113146005544	100	6.201131460055444	22.0	100.0
pop_A	chr2L	45401	45500	0.04314330793174	98	4.2280441773105295	15.0	98.0
pop_B	chr2L	45401	45500	0.0632768516332188	98	6.201131460055444	22.0	98.0
pop_A	chr2L	45501	45600	0.0450991378913123	100	4.509913789131232	16.0	100.0
pop_B	chr2L	45501	45600	0.0563739223641404	100	5.63739223641404	20.0	100.0
pop_A	chr2L	45601	45700	0.0398603491463618	99	3.946174565489828	14.0	99.0
pop_B	chr2L	45601	45700	0.076873530496555	99	7.610479519158954	27.0	99.0
pop_A	chr2L	45701	45800	0.0398603491463618	99	3.946174565489828	14.0	99.0
pop_B	chr2L	45701	45800	0.0626376915157115	99	6.201131460055444	22.0	99.0
pop_B	chr2L	45801	45900	0.0626376915157115	99	6.201131460055444	22.0	99.0
pop_A	chr2L	45801	45900	0.0540961881272054	99	5.355522624593338	19.0	99.0
pop_B	chr2L	45901	46000	0.0711791949042176	99	7.04674029551755	25.0	99.0
pop_A	chr2L	45901	46000	0.0597905237195428	99	5.919261848234742	21.0	99.0
pop_A	chr2L	46001	46100	0.0512490203310367	99	5.073653012772636	18.0	99.0
pop_B	chr2L	46001	46100	0.0569433559233741	99	5.63739223641404	20.0	99.0
pop_A	chr2L	46101	46200	0.0581174457362272	97	5.63739223641404	20.0	97.0
pop_B	chr2L	46101	46200	0.0697409348834726	97	6.764870683696848	24.0	97.0
pop_A	chr2L	46201	46300	0.0552115734494158	97	5.355522624593338	19.0	97.0
pop_B	chr2L	46201	46300	0.0493998288757931	97	4.791783400951934	17.0	97.0
pop_A	chr2L	46301	46400	0.0648300107187614	100	6.483001071876146	23.0	100.0
pop_B	chr2L	46301	46400	0.0535552262459333	100	5.355522624593338	19.0	100.0
pop_A	chr2L	46401	46500	0.04314330793174	98	4.2280441773105295	15.0	98.0
pop_B	chr2L	46401	46500	0.0546481900468707	98	5.355522624593338	19.0	98.0
pop_A	chr2L	46501	46600	0.0676487068369684	100	6.764870683696848	24.0	100.0
pop_B	chr2L	46501	46600	0.0845608835462106	100	8.456088354621059	30.0	100.0
pop_B	chr2L	46601	46700	0.0842702963175294	97	8.174218742800358	29.0	97.0
pop_A	chr2L	46601	46700	0.0639291903098499	97	6.201131460055444	22.0	97.0
pop_B	chr2L	46701	46800	0.0356045825457728	95	3.382435341848424	12.0	95.0
pop_A	chr2L	46701	46800	0.0385716310912539	95	3.664304953669126	13.0	95.0
pop_A	chr2L	46801	46900	0.0454628406162422	93	4.2280441773105295	15.0	93.0
pop_B	chr2L	46801	46900	0.0636479768627391	93	5.919261848234742	21.0	93.0
pop_A	chr2L	46901	47000	0.0469782686367836	96	4.509913789131232	16.0	96.0
pop_B	chr2L	46901	47000	0.0645951193755775	96	6.201131460055444	22.0	96.0
pop_A	chr2L	47001	47100	0.0293614178979897	96	2.81869611820702	10.0	96.0
pop_B	chr2L	47001	47100	0.0381698432673867	96	3.664304953669126	13.0	96.0
pop_A	chr2L	47101	47200	0.0411059850571857	96	3.946174565489828	14.0	96.0
pop_B	chr2L	47101	47200	0.0528505522163816	96	5.073653012772636	18.0	96.0
pop_A	chr2L	47201	47300	0.0654848593118802	99	6.483001071876146	23.0	99.0
pop_B	chr2L	47201	47300	0.0654848593118802	99	6.483001071876146	23.0	99.0
pop_A	chr2L	47301	47400	0.0493998288757931	97	4.791783400951934	17.0	97.0
pop_B	chr2L	47301	47400	0.0493998288757931	97	4.791783400951934	17.0	97.0
pop_B	chr2L	47401	47500	0.048401852534868	99	4.791783400951934	17.0	99.0
pop_A	chr2L	47401	47500	0.0398603491463618	99	3.946174565489828	14.0	99.0
pop_A	chr2L	47501	47600	0.0620113146005544	100	6.201131460055444	22.0	100.0
pop_B	chr2L	47501	47600	0.0789234913097965	100	7.892349130979655	28.0	100.0
pop_A	chr2L	47601	47700	0.0597905237195428	99	5.919261848234742	21.0	99.0
pop_B	chr2L	47601	47700	0.0597905237195428	99	5.919261848234742	21.0	99.0
pop_A	chr2L	47701	47800	0.0517719695180881	98	5.073653012772636	18.0	98.0
pop_B	chr2L	47701	47800	0.0719055132195668	98	7.04674029551755	25.0	98.0
pop_A	chr2L	47801	47900	0.0593409709096214	95	5.63739223641404	20.0	95.0
pop_B	chr2L	47801	47900	0.0801103107279889	95	7.610479519158954	27.0	95.0
pop_A	chr2L	47901	48000	0.0517719695180881	98	5.073653012772636	18.0	98.0
pop_B	chr2L	47901	48000	0.0690292926907841	98	6.764870683696848	24.0	98.0
pop_A	chr2L	48001	48100	0.0661530721620014	98	6.483001071876146	23.0	98.0
pop_B	chr2L	48001	48100	0.0604006311044361	98	5.919261848234742	21.0	98.0
pop_A	chr2L	48101	48200	0.028471677961687	99	2.81869611820702	10.0	99.0
pop_B	chr2L	48101	48200	0.0427075169425306	99	4.2280441773105295	15.0	99.0
pop_B	chr2L	48201	48300	0.0569433559233741	99	5.63739223641404	20.0	99.0
pop_A	chr2L	48201	48300	0.0569433559233741	99	5.63739223641404	20.0	99.0
pop_A	chr2L	48301	48400	0.0528505522163816	96	5.073653012772636	18.0	96.0
pop_B	chr2L	48301	48400	0.0704674029551754	96	6.764870683696848	24.0	96.0
pop_A	chr2L	48401	48500	0.0455546847386993	99	4.509913789131232	16.0	99.0
pop_B	chr2L	48401	48500	0.0569433559233741	99	5.63739223641404	20.0	99.0
pop_A	chr2L	48501	48600	0.0792758283245724	96	7.610479519158954	27.0	96.0
pop_B	chr2L	48501	48600	0.0704674029551754	96	6.764870683696848	24.0	96.0
pop_A	chr2L	48601	48700	0.0373908668741747	98	3.664304953669126	13.0	98.0
pop_B	chr2L	48601	48700	0.0517719695180881	98	5.073653012772636	18.0	98.0
pop_A	chr2L	48701	48800	0.0517719695180881	98	5.073653012772636	18.0	98.0
pop_B	chr2L	48701	48800	0.0488957489893054	98	4.791783400951934	17.0	98.0
pop_A	chr2L	48801	48900	0.0455546847386993	99	4.509913789131232	16.0	99.0
pop_B	chr2L	48801	48900	0.0540961881272054	99	5.355522624593338	19.0	99.0
pop_B	chr2L	48901	49000	0.0394617456548982	100	3.946174565489828	14.0	100.0
pop_A	chr2L	48901	49000	0.0366430495366912	100	3.664304953669126	13.0	100.0
pop_B	chr2L	49001	49100	0.0610233180230385	97	5.919261848234742	21.0	97.0
pop_A	chr2L	49001	49100	0.0493998288757931	97	4.791783400951934	17.0	97.0
pop_A	chr2L	49101	49200	0.0654848593118802	99	6.483001071876146	23.0	99.0
pop_B	chr2L	49101	49200	0.0683320271080489	99	6.764870683696848	24.0	99.0
pop_A	chr2L	49201	49300	0.0493998288757931	97	4.791783400951934	17.0	97.0
pop_B	chr2L	49201	49300	0.0697409348834726	97	6.764870683696848	24.0	97.0
pop_A	chr2L	49301	49400	0.0427075169425306	99	4.2280441773105295	15.0	99.0
pop_B	chr2L	49301	49400	0.0597905237195428	99	5.919261848234742	21.0	99.0
pop_A	chr2L	49401	49500	0.0616589775857785	96	5.919261848234742	21.0	96.0
pop_B	chr2L	49401	49500	0.0616589775857785	96	5.919261848234742	21.0	96.0
pop_A	chr2L	49501	49600	0.0366430495366912	100	3.664304953669126	13.0	100.0
pop_B	chr2L	49501	49600	0.0450991378913123	100	4.509913789131232	16.0	100.0
pop_A	chr2L	49601	49700	0.0604006311044361	98	5.919261848234742	21.0	98.0
pop_B	chr2L	49601	49700	0.0747817337483495	98	7.328609907338252	26.0	98.0
pop_A	chr2L	49701	49800	0.0517719695180881	98	5.073653012772636	18.0	98.0
pop_B	chr2L	49701	49800	0.0604006311044361	98	5.919261848234742	21.0	98.0
pop_A	chr2L	49801	49900	0.0528505522163816	96	5.073653012772636	18.0	96.0
pop_B	chr2L	49801	49900	0.0616589775857785	96	5.919261848234742	21.0	96.0
pop_A	chr2L	49901	50000	0.0626376915157115	99	6.201131460055444	22.0	99.0
pop_B	chr2L	49901	50000	0.0683320271080489	99	6.764870683696848	24.0	99.0
